1	2	1
1	4	1
1	11	1
1	15	1
1	17	1
1	18	1
1	20	1
1	22	1
1	29	1
1	35	1
1	37	1
1	38	1
1	57	1
1	67	1
1	71	1
1	72	1
1	75	1
1	76	1
1	87	1
1	89	1
1	90	1
1	95	1
1	96	1
1	112	1
1	113	1
1	115	1
1	116	1
1	117	1
1	118	1
1	121	1
1	123	1
1	124	1
1	142	1
1	146	1
1	151	1
1	152	1
1	154	1
1	156	1
1	158	1
1	160	1
1	161	1
1	175	1
1	179	1
1	194	1
1	196	1
1	214	1
1	222	1
1	223	1
1	247	1
1	249	1
1	250	1
1	256	1
1	258	1
1	259	1
1	264	1
1	290	1
1	291	1
1	292	1
1	300	1
1	301	1
1	305	1
1	309	1
1	330	1
1	331	1
1	333	1
1	346	1
1	347	1
1	351	1
1	370	1
1	373	1
1	377	1
1	379	1
1	395	1
1	396	1
1	416	1
1	430	1
1	454	1
1	455	1
1	459	1
1	462	1
1	472	1
1	474	1
1	483	1
1	493	1
1	517	1
1	519	1
1	523	1
1	529	1
1	534	1
1	543	1
1	545	1
1	554	1
1	563	1
1	578	1
1	586	1
1	587	1
1	594	1
1	596	1
1	613	1
1	617	1
1	625	1
1	636	1
1	637	1
1	649	1
1	697	1
1	701	1
1	709	1
1	710	1
1	725	1
1	734	1
1	736	1
1	753	1
1	783	1
1	796	1
1	804	1
1	810	1
1	817	1
1	846	1
1	874	1
1	891	1
1	896	1
1	944	1
1	951	1
1	955	1
1	958	1
1	964	1
1	994	1
1	1024	1
1	1025	1
1	1029	1
1	1043	1
1	1063	1
1	1065	1
1	1066	1
1	1072	1
1	1117	1
1	1128	1
1	1136	1
1	1147	1
1	1148	1
1	1167	1
1	1186	1
1	1195	1
1	1198	1
1	1232	1
1	1248	1
1	1251	1
1	1261	1
1	1267	1
1	1283	1
1	1284	1
1	1285	1
1	1288	1
1	1295	1
1	1302	1
1	1313	1
1	1315	1
1	1320	1
1	1331	1
1	1336	1
1	1337	1
1	1339	1
1	1340	1
1	1353	1
1	1355	1
1	1358	1
1	1382	1
1	1392	1
1	1413	1
1	1457	1
1	1458	1
1	1465	1
1	1475	1
1	1482	1
1	1483	1
1	1491	1
1	1493	1
1	1494	1
1	1496	1
1	1502	1
1	1505	1
1	1509	1
1	1510	1
1	1519	1
1	1520	1
1	1522	1
1	1525	1
1	1538	1
1	1570	1
1	1573	1
1	1579	1
1	1580	1
1	1583	1
1	1589	1
1	1590	1
1	1708	1
1	1720	1
1	1736	1
1	1742	1
1	1749	1
1	1760	1
1	1793	1
1	1796	1
1	1812	1
1	1822	1
1	1826	1
1	1840	1
1	1846	1
1	1856	1
1	1860	1
1	1862	1
1	1867	1
1	1875	1
1	1877	1
1	1881	1
1	1885	1
1	1886	1
1	1901	1
1	1923	1
1	1942	1
1	2065	1
1	2102	1
1	2108	1
1	2113	1
1	2117	1
1	2149	1
1	2152	1
1	2163	1
1	2173	1
1	2177	1
1	2181	1
1	2185	1
1	2198	1
1	2238	1
1	2249	1
1	2260	1
1	2261	1
1	2271	1
1	2276	1
1	2281	1
1	2282	1
1	2296	1
1	2324	1
1	2338	1
1	2351	1
1	2375	1
1	2378	1
1	2402	1
1	2427	1
1	2472	1
1	2498	1
1	2559	1
1	2605	1
1	2632	1
1	2700	1
1	2713	1
1	2742	1
1	2743	1
1	2747	1
1	2752	1
1	2754	1
1	2756	1
1	2763	1
1	2771	1
1	2772	1
1	2775	1
1	2779	1
1	2780	1
1	2793	1
1	2801	1
1	2806	1
1	2814	1
1	2826	1
1	2830	1
1	2837	1
1	2844	1
1	2845	1
1	2846	1
1	2858	1
1	2870	1
1	2876	1
1	2881	1
1	2892	1
1	2904	1
1	2907	1
1	2909	1
1	2920	1
1	2926	1
1	2927	1
1	2941	1
1	2947	1
1	2952	1
1	2966	1
1	2996	1
1	2999	1
1	3000	1
1	3001	1
1	3004	1
1	3006	1
1	3010	1
1	3020	1
1	3023	1
1	3042	1
1	3057	1
1	3059	1
1	3062	1
1	3064	1
1	3068	1
1	3084	1
1	3101	1
1	3103	1
1	3124	1
1	3134	1
1	3139	1
1	3141	1
1	3143	1
1	3149	1
1	3156	1
1	3163	1
1	3167	1
1	3173	1
1	3189	1
1	3193	1
1	3202	1
1	3245	1
1	3247	1
1	3254	1
1	3256	1
1	3274	1
1	3279	1
1	3290	1
1	3292	1
1	3295	1
1	3313	1
1	3317	1
1	3329	1
1	3330	1
1	3339	1
1	3341	1
1	3349	1
1	3367	1
1	3375	1
1	3385	1
1	3392	1
1	3402	1
1	3421	1
1	3422	1
1	3498	1
1	3520	1
1	3527	-1
1	3589	1
1	3604	-1
1	3606	1
1	3610	1
1	3736	-1
1	3768	-1
1	3782	1
2	13	1
2	15	1
2	16	1
2	18	1
2	38	1
2	45	1
2	54	1
2	60	1
2	63	1
2	74	1
2	79	1
2	91	1
2	99	1
2	108	1
2	109	1
2	113	1
2	114	1
2	117	1
2	119	1
2	126	1
2	139	1
2	168	1
2	181	1
2	182	1
2	189	1
2	200	1
2	206	1
2	209	1
2	217	1
2	223	1
2	236	1
2	237	1
2	251	1
2	257	1
2	263	1
2	264	1
2	268	1
2	269	1
2	270	1
2	271	1
2	281	1
2	293	1
2	299	1
2	353	1
2	354	1
2	355	1
2	375	1
2	381	1
2	382	1
2	389	1
2	402	1
2	420	1
2	436	1
2	446	1
2	449	1
2	469	1
2	471	1
2	473	1
2	475	1
2	503	1
2	504	1
2	508	1
2	512	1
2	532	1
2	553	1
2	562	1
2	564	1
2	587	1
2	658	1
2	681	1
2	710	1
2	767	1
2	769	1
2	774	1
2	777	1
2	787	1
2	798	-1
2	862	1
2	871	1
2	915	1
2	917	1
2	986	1
2	987	1
2	1090	1
2	1098	1
2	1127	1
2	1156	1
2	1209	1
2	1222	1
2	1368	1
2	1409	1
2	1421	1
2	1487	1
2	1494	1
2	1523	1
2	1603	1
2	1632	1
2	1635	1
2	1693	1
2	1709	1
2	1922	1
2	1929	1
2	1936	1
2	1957	1
2	1977	1
2	1998	1
2	2006	1
2	2244	1
2	2336	1
2	2404	1
2	2446	1
2	2459	1
2	2488	1
2	2497	1
2	2499	1
2	2631	1
2	2839	1
2	3579	1
2	3679	-1
2	3687	-1
2	3756	-1
2	3762	-1
2	3782	-1
3	13	1
3	63	1
3	113	1
3	170	1
3	286	1
3	309	1
3	347	1
3	358	1
3	433	1
3	435	1
3	454	1
3	493	1
3	525	1
3	589	1
3	590	1
3	621	1
3	646	1
3	702	1
3	720	1
3	749	1
3	752	1
3	753	1
3	754	1
3	755	1
3	757	1
3	877	1
3	879	1
3	883	1
3	885	1
3	886	1
3	890	1
3	891	1
3	969	1
3	971	1
3	974	1
3	976	1
3	988	1
3	1036	1
3	1054	1
3	1060	1
3	1061	1
3	1063	1
3	1129	1
3	1169	1
3	1174	1
3	1175	1
3	1274	1
3	1336	1
3	1338	1
3	1339	1
3	1347	1
3	1348	1
3	1361	1
3	1362	1
3	1363	1
3	1367	1
3	1456	1
3	1459	1
3	1523	1
3	1524	1
3	1547	1
3	1548	1
3	1555	1
3	1558	1
3	1560	1
3	1576	1
3	1790	1
3	1815	1
3	1816	1
3	1818	1
3	1824	1
3	1832	1
3	1834	1
3	1836	1
3	1839	1
3	1843	1
3	1844	1
3	1849	1
3	2001	1
3	2053	1
3	2263	1
3	2280	1
3	2285	1
3	2290	1
3	2291	1
3	2293	1
3	2295	1
3	2298	1
3	2300	1
3	2306	1
3	2308	1
3	2311	1
3	2315	1
3	2321	1
3	2328	1
3	2331	1
3	2332	1
3	2346	1
3	2353	1
3	2903	1
3	3049	1
3	3087	1
3	3105	1
3	3127	1
3	3132	1
3	3154	1
3	3181	1
3	3198	1
3	3200	1
3	3203	1
3	3221	1
3	3260	1
3	3275	1
3	3328	1
3	3520	1
3	3556	1
3	3559	1
3	3573	1
3	3585	1
3	3610	1
3	3611	1
3	3688	1
3	3691	1
3	3704	1
3	3783	-1
4	10	1
4	11	1
4	16	1
4	17	1
4	21	1
4	22	1
4	23	1
4	25	1
4	26	1
4	31	1
4	37	1
4	38	1
4	40	1
4	47	1
4	63	1
4	65	1
4	72	1
4	77	1
4	88	1
4	95	1
4	97	1
4	99	1
4	106	1
4	111	1
4	117	1
4	131	1
4	136	1
4	139	1
4	140	1
4	150	1
4	156	1
4	159	1
4	177	1
4	178	1
4	193	1
4	202	1
4	211	-1
4	224	1
4	227	1
4	231	-1
4	250	1
4	274	1
4	311	1
4	326	1
4	341	1
4	347	1
4	356	1
4	361	1
4	365	1
4	381	1
4	386	1
4	401	1
4	411	1
4	419	1
4	420	1
4	423	1
4	437	1
4	446	1
4	468	1
4	479	1
4	489	1
4	501	1
4	510	1
4	534	1
4	536	1
4	538	1
4	567	1
4	570	1
4	572	1
4	578	1
4	583	1
4	609	1
4	661	1
4	664	1
4	710	1
4	716	1
4	718	1
4	727	1
4	771	1
4	773	1
4	807	1
4	841	1
4	842	1
4	859	1
4	910	1
4	917	1
4	918	1
4	1003	1
4	1009	1
4	1038	1
4	1085	1
4	1086	1
4	1088	1
4	1091	1
4	1107	1
4	1108	1
4	1218	1
4	1233	1
4	1239	1
4	1264	1
4	1270	1
4	1295	1
4	1398	1
4	1445	1
4	1611	1
4	1615	1
4	1621	1
4	1636	1
4	1691	1
4	1702	1
4	1737	1
4	1816	1
4	1909	1
4	2001	1
4	2103	1
4	2201	1
4	2405	1
4	3356	1
4	3729	1
4	3748	-1
4	3761	-1
4	3775	-1
4	3782	1
5	13	1
5	46	1
5	61	1
5	68	1
5	96	1
5	178	1
5	309	1
5	314	-1
5	338	-1
5	349	1
5	372	1
5	416	-1
5	433	1
5	460	1
5	462	1
5	528	1
5	597	1
5	599	1
5	602	1
5	603	1
5	692	1
5	774	1
5	825	1
5	826	1
5	890	1
5	893	1
5	979	1
5	982	1
5	988	1
5	1156	1
5	1192	1
5	1194	1
5	1359	1
5	1372	1
5	1373	1
5	1375	1
5	1376	1
5	1491	1
5	1819	1
5	1832	1
5	1854	1
5	1859	1
5	1868	1
5	1909	1
5	2320	1
5	2333	1
5	2335	1
5	2336	-1
5	2354	1
5	2363	1
5	2386	1
5	2395	1
5	2408	-1
5	3009	1
5	3206	1
5	3231	1
5	3236	1
5	3254	-1
5	3307	1
5	3309	1
5	3336	1
5	3453	-1
5	3520	1
5	3585	-1
5	3602	-1
5	3612	-1
5	3623	1
5	3626	-1
5	3636	-1
5	3656	-1
5	3658	-1
5	3659	-1
5	3664	-1
5	3689	-1
5	3693	-1
5	3695	-1
5	3700	-1
5	3701	-1
5	3710	-1
5	3711	-1
5	3723	-1
5	3729	-1
5	3738	-1
5	3747	-1
5	3754	-1
5	3764	-1
5	3770	-1
6	104	1
6	113	1
6	117	1
6	214	1
6	408	1
6	431	1
6	458	1
6	522	1
6	549	1
6	642	1
6	701	1
6	728	1
6	754	1
6	809	1
6	826	1
6	1055	1
6	1057	1
6	1069	1
6	1157	1
6	1178	1
6	1179	1
6	1185	1
6	1254	1
6	1350	1
6	1361	1
6	1371	1
6	1374	1
6	1380	1
6	1395	1
6	1450	1
6	1461	1
6	1541	1
6	1542	1
6	1546	1
6	1555	1
6	1560	1
6	1578	1
6	1776	1
6	1830	1
6	1865	1
6	2292	1
6	2371	1
6	3066	1
6	3092	1
6	3112	1
6	3155	1
6	3176	1
6	3192	1
6	3222	1
6	3229	1
6	3305	1
6	3365	1
6	3569	1
6	3594	1
6	3599	1
6	3623	1
6	3707	1
6	3730	1
6	3733	-1
6	3766	-1
6	3783	-1
7	13	1
7	96	1
7	98	1
7	113	1
7	117	1
7	161	1
7	204	1
7	221	1
7	370	1
7	407	1
7	452	1
7	483	1
7	497	1
7	506	1
7	536	-1
7	549	1
7	621	1
7	696	1
7	699	1
7	743	1
7	752	1
7	768	1
7	809	1
7	810	1
7	877	1
7	878	1
7	879	1
7	882	1
7	956	1
7	980	1
7	1033	1
7	1036	1
7	1046	1
7	1057	1
7	1059	1
7	1151	1
7	1153	1
7	1171	1
7	1178	1
7	1180	1
7	1185	1
7	1282	1
7	1287	1
7	1308	1
7	1309	1
7	1317	1
7	1325	1
7	1348	1
7	1495	1
7	1499	1
7	1516	1
7	1522	1
7	1574	1
7	1649	1
7	1731	1
7	1757	1
7	1760	-1
7	1768	1
7	1782	1
7	2142	1
7	2192	1
7	2209	1
7	2211	1
7	2301	1
7	2307	1
7	2336	1
7	2358	-1
7	2361	1
7	2381	1
7	2408	-1
7	2866	1
7	2869	1
7	2889	1
7	2922	1
7	2923	1
7	2981	1
7	2987	1
7	3002	1
7	3011	1
7	3019	1
7	3052	1
7	3145	1
7	3177	1
7	3351	1
7	3474	1
7	3483	1
7	3577	-1
7	3604	-1
7	3621	-1
7	3662	-1
7	3663	-1
7	3680	-1
7	3683	-1
7	3684	-1
7	3685	-1
7	3686	-1
7	3696	1
7	3707	-1
7	3714	-1
7	3719	-1
7	3737	-1
7	3744	1
7	3746	-1
7	3753	-1
7	3764	-1
7	3769	-1
7	3770	-1
7	3773	-1
7	3774	-1
7	3777	-1
7	3778	-1
7	3780	-1
7	3781	-1
7	3783	-1
8	63	1
8	130	-1
8	147	-1
8	148	-1
8	189	-1
8	201	1
8	204	-1
8	209	-1
8	225	-1
8	237	1
8	268	-1
8	309	-1
8	347	-1
8	356	1
8	382	-1
8	393	-1
8	401	-1
8	427	-1
8	451	1
8	452	-1
8	457	-1
8	458	1
8	500	1
8	519	-1
8	522	1
8	527	-1
8	528	1
8	547	-1
8	554	1
8	592	-1
8	597	-1
8	599	-1
8	600	1
8	602	-1
8	613	-1
8	617	-1
8	649	-1
8	665	-1
8	694	1
8	696	-1
8	701	1
8	702	-1
8	707	-1
8	739	-1
8	758	-1
8	780	-1
8	812	-1
8	846	1
8	869	1
8	877	1
8	883	-1
8	885	-1
8	892	1
8	961	1
8	962	1
8	969	-1
8	981	1
8	1033	1
8	1038	1
8	1068	-1
8	1104	-1
8	1159	1
8	1178	1
8	1179	-1
8	1195	-1
8	1254	1
8	1298	1
8	1322	-1
8	1343	1
8	1361	1
8	1415	1
8	1459	1
8	1502	-1
8	1518	1
8	1571	1
8	1578	1
8	1579	-1
8	1584	-1
8	1794	-1
8	1836	1
8	1856	-1
8	1865	1
8	1896	1
8	2031	-1
8	2172	1
8	2253	1
8	2330	1
8	2333	1
8	2336	1
8	2344	1
8	2354	-1
8	2384	1
8	2389	1
8	2395	-1
8	2408	1
8	3129	-1
8	3400	1
8	3456	-1
8	3462	-1
8	3469	-1
8	3507	-1
8	3524	-1
8	3526	-1
8	3529	-1
8	3530	-1
8	3531	-1
8	3533	-1
8	3535	-1
8	3536	-1
8	3537	-1
8	3538	-1
8	3539	-1
8	3540	-1
8	3559	1
8	3560	-1
8	3569	1
8	3587	-1
8	3591	-1
8	3614	-1
8	3638	-1
8	3649	-1
8	3651	-1
8	3653	-1
8	3654	-1
8	3664	-1
8	3665	-1
8	3666	-1
8	3667	-1
8	3670	-1
8	3671	-1
8	3673	-1
8	3675	-1
8	3694	1
8	3721	-1
8	3722	-1
8	3731	-1
8	3737	-1
8	3744	1
8	3746	-1
8	3754	-1
8	3757	1
8	3774	1
8	3776	-1
8	3782	-1
9	38	1
9	45	1
9	79	1
9	108	1
9	132	1
9	152	1
9	176	1
9	202	1
9	234	1
9	274	1
9	300	1
9	305	1
9	316	1
9	409	-1
9	443	1
9	452	1
9	467	1
9	513	1
9	518	1
9	534	1
9	546	1
9	547	1
9	549	1
9	613	1
9	622	1
9	681	-1
9	683	1
9	733	1
9	798	-1
9	854	1
9	871	1
9	943	1
9	977	1
9	1048	1
9	1136	1
9	1139	1
9	1163	1
9	1283	1
9	1284	1
9	1286	1
9	1287	1
9	1292	-1
9	1458	1
9	1470	1
9	1472	-1
9	1476	1
9	1484	1
9	1709	1
9	1714	1
9	1726	1
9	1734	1
9	2122	1
9	2124	1
9	2128	1
9	2139	1
9	2141	1
9	2145	1
9	2727	1
9	2760	1
9	2770	1
9	2777	1
9	2819	1
9	2992	1
9	3462	1
9	3567	1
9	3697	-1
9	3713	-1
9	3729	1
9	3743	-1
9	3744	-1
9	3779	-1
9	3780	-1
9	3781	-1
10	15	-1
10	54	1
10	57	1
10	69	1
10	99	1
10	102	1
10	113	-1
10	117	-1
10	130	1
10	168	1
10	175	1
10	225	1
10	271	1
10	327	-1
10	334	1
10	347	1
10	383	1
10	454	1
10	456	1
10	468	1
10	478	1
10	510	1
10	569	1
10	592	1
10	614	1
10	623	1
10	664	1
10	719	1
10	725	1
10	741	1
10	777	1
10	787	1
10	840	1
10	914	1
10	918	1
10	935	1
10	970	1
10	975	1
10	1018	1
10	1031	1
10	1040	1
10	1044	1
10	1078	1
10	1111	1
10	1137	1
10	1146	1
10	1150	1
10	1167	1
10	1288	1
10	1307	1
10	1324	1
10	1327	1
10	1424	1
10	1536	1
10	1550	1
10	1562	1
10	1573	1
10	1636	1
10	1702	1
10	1772	1
10	1797	1
10	1967	1
10	1981	1
10	1992	1
10	2129	1
10	2179	1
10	2190	1
10	2215	1
10	2250	1
10	2519	1
10	2558	1
10	2908	1
10	2957	1
10	3014	1
10	3122	1
10	3135	1
10	3513	1
10	3578	-1
10	3617	1
10	3691	1
10	3731	1
10	3743	-1
10	3756	-1
10	3774	-1
11	18	1
11	45	1
11	63	-1
11	69	1
11	74	1
11	79	1
11	153	1
11	171	1
11	183	-1
11	248	1
11	260	1
11	274	1
11	276	1
11	309	1
11	316	1
11	326	1
11	347	1
11	372	1
11	409	1
11	423	1
11	488	1
11	552	1
11	593	1
11	623	1
11	639	1
11	680	-1
11	681	1
11	694	1
11	732	1
11	734	1
11	735	1
11	739	1
11	762	1
11	777	1
11	798	-1
11	799	1
11	870	1
11	966	1
11	1030	1
11	1068	1
11	1116	1
11	1156	1
11	1292	1
11	1342	1
11	1487	1
11	1508	1
11	1512	1
11	1513	1
11	1562	1
11	1716	1
11	1754	1
11	1755	1
11	1760	1
11	1767	1
11	1775	1
11	1871	1
11	1883	1
11	2167	1
11	2179	1
11	2180	1
11	2217	1
11	2257	1
11	2356	1
11	2791	1
11	2802	1
11	2865	1
11	2915	1
11	2918	1
11	3224	1
11	3345	1
11	3461	-1
11	3490	-1
11	3507	1
11	3556	1
11	3613	1
11	3624	-1
11	3693	1
11	3704	-1
11	3715	1
11	3717	-1
11	3741	1
11	3742	1
11	3743	-1
11	3756	-1
11	3762	-1
11	3767	-1
11	3771	-1
11	3772	-1
11	3782	1
12	35	1
12	104	1
12	164	1
12	305	1
12	375	1
12	376	1
12	458	1
12	459	1
12	496	1
12	627	1
12	757	1
12	825	1
12	826	-1
12	886	1
12	893	1
12	898	1
12	975	1
12	976	1
12	1031	1
12	1061	1
12	1072	1
12	1127	1
12	1185	1
12	1187	1
12	1322	1
12	1350	1
12	1374	1
12	1376	1
12	1535	1
12	1553	1
12	1577	1
12	1784	1
12	1834	1
12	1846	1
12	1873	1
12	2401	1
12	3232	1
12	3234	1
12	3281	1
12	3293	1
12	3297	1
12	3354	1
12	3366	1
12	3570	1
12	3623	1
12	3704	1
12	3754	1
13	15	1
13	20	1
13	21	1
13	22	1
13	24	1
13	25	1
13	33	1
13	43	1
13	58	1
13	68	-1
13	70	1
13	71	1
13	75	1
13	85	1
13	95	1
13	112	1
13	127	1
13	133	1
13	190	1
13	204	1
13	206	1
13	258	1
13	279	1
13	320	1
13	417	1
13	428	1
13	430	-1
13	435	1
13	487	-1
13	517	-1
13	597	1
13	599	1
13	650	1
13	659	1
13	697	1
13	701	1
13	812	1
13	952	1
13	965	1
13	1049	1
13	1050	1
13	1052	1
13	1168	1
13	1172	1
13	1182	1
13	1210	1
13	1332	1
13	1351	1
13	1497	1
13	1523	1
13	1528	1
13	1531	1
13	1532	1
13	1533	1
13	1535	1
13	1537	1
13	1759	1
13	1807	1
13	1808	1
13	1813	1
13	1831	1
13	2266	1
13	2267	1
13	2268	1
13	2270	1
13	2278	1
13	2279	1
13	2284	1
13	2320	1
13	2355	1
13	3041	1
13	3465	1
13	3466	1
13	3470	-1
13	3516	1
13	3576	1
13	3608	-1
13	3657	-1
13	3693	-1
13	3696	-1
13	3728	-1
13	3729	-1
13	3744	-1
13	3759	1
13	3782	-1
14	15	-1
14	16	1
14	35	-1
14	38	1
14	50	1
14	60	1
14	63	1
14	113	1
14	176	1
14	268	1
14	316	1
14	392	1
14	402	1
14	407	1
14	443	1
14	518	1
14	588	1
14	664	1
14	693	1
14	871	1
14	939	1
14	944	1
14	1024	1
14	1025	1
14	1027	1
14	1137	1
14	1139	1
14	1158	1
14	1256	1
14	1288	1
14	1289	1
14	1290	1
14	1333	1
14	1481	1
14	1482	1
14	1483	1
14	1724	1
14	1730	1
14	1731	1
14	1734	1
14	1737	1
14	2124	1
14	2134	1
14	2136	1
14	2138	1
14	2142	1
14	2148	1
14	2157	1
14	2796	1
14	2804	1
14	2812	1
14	2813	1
14	2818	1
14	2825	1
14	3744	1
15	17	1
15	19	-1
15	20	1
15	22	1
15	24	1
15	29	1
15	31	-1
15	33	1
15	37	1
15	47	-1
15	48	1
15	55	-1
15	58	1
15	67	1
15	70	1
15	80	-1
15	85	-1
15	87	1
15	88	1
15	91	1
15	95	1
15	113	-1
15	122	1
15	133	1
15	137	1
15	155	1
15	159	1
15	165	1
15	176	-1
15	179	1
15	180	1
15	185	-1
15	188	-1
15	196	1
15	211	1
15	234	1
15	264	1
15	267	-1
15	272	1
15	274	1
15	304	1
15	354	1
15	358	1
15	369	-1
15	374	-1
15	378	1
15	400	-1
15	427	1
15	438	1
15	469	-1
15	518	1
15	530	1
15	604	1
15	681	1
15	682	1
15	698	1
15	764	1
15	801	-1
15	853	1
15	905	1
15	958	1
15	966	1
15	967	1
15	1205	1
15	1249	-1
15	1351	1
15	1393	1
15	1471	1
15	1596	1
15	1895	1
15	1921	-1
15	2090	1
15	2287	1
15	2426	1
15	3120	1
15	3286	1
15	3369	-1
15	3382	1
15	3427	1
15	3428	-1
15	3430	1
15	3431	1
15	3434	1
15	3437	1
15	3438	1
15	3439	1
15	3442	1
15	3443	1
15	3447	1
15	3448	1
15	3465	-1
15	3491	1
15	3493	1
15	3496	1
15	3502	1
15	3505	1
15	3509	-1
15	3548	1
15	3558	-1
15	3572	-1
15	3579	-1
15	3697	-1
15	3731	-1
15	3739	-1
15	3741	-1
15	3756	-1
15	3782	-1
16	21	1
16	23	1
16	25	1
16	30	1
16	34	1
16	37	1
16	40	1
16	42	1
16	44	1
16	45	1
16	54	1
16	60	1
16	65	1
16	70	1
16	72	1
16	75	1
16	80	-1
16	109	1
16	138	1
16	145	1
16	148	1
16	154	1
16	164	1
16	171	1
16	177	1
16	199	1
16	219	1
16	226	1
16	237	1
16	265	1
16	270	1
16	298	1
16	311	1
16	341	1
16	353	1
16	419	1
16	442	1
16	449	1
16	470	1
16	503	1
16	509	1
16	534	1
16	565	1
16	655	1
16	710	1
16	711	1
16	768	1
16	771	1
16	850	1
16	926	1
16	1010	1
16	1090	1
16	1212	1
16	1222	1
16	1322	1
16	1326	1
16	1407	1
16	1409	1
16	1427	1
16	1640	1
16	1910	1
16	1917	1
16	2077	1
16	2257	1
16	3453	1
16	3729	1
16	3731	1
16	3761	1
16	3775	1
17	38	1
17	55	1
17	60	1
17	63	1
17	79	1
17	98	1
17	101	1
17	113	1
17	176	1
17	212	1
17	344	1
17	451	1
17	483	1
17	516	1
17	521	1
17	542	1
17	549	1
17	580	1
17	622	1
17	639	1
17	660	1
17	681	1
17	728	1
17	798	1
17	799	1
17	871	1
17	934	1
17	942	1
17	1305	1
17	1471	1
17	1489	1
17	1490	1
17	1735	1
17	1746	1
17	2105	1
17	2125	1
17	2143	1
17	2206	1
17	2738	1
17	2797	1
17	2821	1
17	3589	-1
17	3782	1
18	33	1
18	50	1
18	72	1
18	74	1
18	79	1
18	91	1
18	117	1
18	121	1
18	151	1
18	154	1
18	160	1
18	194	1
18	220	1
18	256	1
18	260	1
18	274	1
18	294	1
18	346	1
18	386	1
18	437	1
18	455	1
18	542	1
18	543	1
18	594	1
18	613	1
18	630	1
18	729	1
18	733	1
18	736	1
18	860	1
18	866	1
18	872	1
18	874	1
18	1130	1
18	1164	1
18	1271	1
18	1284	1
18	1477	1
18	1525	1
18	1703	1
18	2086	1
18	2091	1
18	2118	1
18	2139	1
18	2199	1
18	3551	1
18	3744	1
18	3782	1
19	86	-1
19	96	1
19	164	1
19	402	1
19	551	1
19	580	1
19	708	1
19	757	1
19	783	1
19	1031	1
19	1322	1
19	1370	1
19	1374	1
19	1578	1
19	1581	1
19	1590	1
19	1882	1
19	2336	-1
19	2388	1
19	3185	1
19	3254	1
19	3364	1
19	3373	1
19	3570	1
19	3585	1
19	3625	-1
19	3742	-1
19	3764	-1
20	38	1
20	45	1
20	60	1
20	108	1
20	152	1
20	176	1
20	212	1
20	231	1
20	366	1
20	372	1
20	489	1
20	729	1
20	730	1
20	870	1
20	892	1
20	1127	1
20	1269	1
20	1301	1
20	1771	1
20	3696	1
20	3726	-1
20	3756	-1
20	3782	1
21	28	1
21	45	1
21	71	1
21	130	1
21	181	1
21	201	1
21	225	1
21	235	1
21	254	1
21	264	1
21	274	1
21	347	1
21	361	1
21	393	1
21	522	1
21	534	1
21	552	1
21	579	1
21	580	1
21	621	1
21	669	1
21	738	1
21	798	1
21	956	1
21	961	1
21	1159	1
21	1298	1
21	1307	1
21	1986	1
21	2486	1
21	2520	1
21	3731	1
21	3767	1
21	3782	1
22	38	1
22	61	1
22	64	1
22	80	1
22	99	1
22	101	1
22	117	1
22	152	1
22	170	-1
22	189	1
22	210	1
22	257	1
22	342	1
22	346	1
22	358	1
22	384	1
22	452	1
22	539	1
22	561	1
22	589	1
22	613	1
22	681	1
22	683	1
22	802	1
22	851	1
22	933	1
22	940	1
22	1023	1
22	1113	1
22	1132	1
22	1138	1
22	1258	1
22	1285	1
22	1295	1
22	1301	1
22	1638	1
22	1736	1
22	1744	1
22	2079	1
22	2119	1
22	2159	1
22	2171	1
22	2239	1
22	2317	1
22	2336	1
22	2638	1
22	2651	1
22	2745	1
22	2817	1
22	3134	1
22	3662	-1
22	3697	1
22	3714	-1
22	3734	-1
22	3742	1
22	3759	-1
22	3762	-1
22	3779	-1
22	3782	-1
23	40	1
23	44	1
23	54	1
23	99	1
23	108	1
23	119	1
23	129	1
23	138	1
23	139	1
23	167	1
23	236	1
23	293	1
23	298	1
23	389	1
23	401	1
23	437	1
23	443	1
23	466	1
23	470	1
23	500	1
23	501	1
23	504	1
23	512	1
23	537	1
23	564	1
23	713	1
23	768	1
23	770	1
23	772	1
23	773	1
23	842	1
23	844	1
23	845	1
23	847	1
23	848	1
23	935	1
23	1087	1
23	1131	1
23	1220	1
23	1226	1
23	1401	1
23	1456	1
23	1601	1
23	1613	1
24	50	1
24	63	1
24	94	1
24	126	1
24	201	1
24	269	1
24	316	1
24	443	1
24	494	1
24	562	1
24	588	1
24	621	1
24	643	1
24	798	-1
24	885	1
24	1029	1
24	1731	1
24	2147	1
24	3253	1
24	3474	1
24	3556	-1
24	3691	1
24	3741	1
24	3744	-1
24	3779	-1
24	3782	1
25	55	1
25	60	1
25	143	1
25	258	1
25	592	1
25	593	1
25	656	1
25	693	1
25	696	1
25	701	1
25	799	1
25	804	1
25	949	1
25	1031	1
25	1032	1
25	1034	1
25	1136	1
25	1155	1
25	1326	1
25	1336	1
25	1340	1
25	1342	1
25	1492	1
25	1764	1
25	1776	1
25	1787	1
25	1792	1
25	1830	1
25	2135	1
25	2196	1
25	2280	1
25	2308	1
25	2980	1
25	3043	1
25	3071	1
25	3082	1
25	3719	1
25	3727	-1
25	3732	1
25	3744	1
25	3767	1
25	3772	-1
26	38	1
26	69	1
26	132	1
26	170	1
26	212	1
26	231	1
26	248	1
26	268	1
26	279	1
26	286	1
26	305	1
26	373	1
26	386	1
26	409	1
26	485	1
26	494	1
26	505	1
26	589	1
26	613	1
26	683	1
26	693	1
26	798	1
26	816	-1
26	933	1
26	942	1
26	943	1
26	1021	1
26	1030	1
26	1128	1
26	1137	1
26	1294	1
26	1309	1
26	1427	1
26	1458	1
26	1501	1
26	1568	1
26	1711	1
26	1876	1
26	1946	1
26	2250	1
26	2280	1
26	2336	-1
26	2358	-1
26	2372	1
26	2389	1
26	2650	1
26	3304	1
26	3479	1
26	3483	1
26	3622	1
26	3636	1
26	3693	1
26	3695	1
26	3757	-1
26	3758	-1
26	3774	1
26	3777	-1
26	3781	-1
26	3782	-1
26	3783	-1
27	519	1
27	591	1
27	702	1
27	754	1
27	877	1
27	973	1
27	1127	1
27	1130	1
27	1179	1
27	1187	1
27	1362	1
27	1772	1
27	2328	1
27	2330	1
27	2336	1
27	2387	1
27	2418	1
27	3074	1
27	3134	1
27	3156	1
27	3476	1
27	3487	1
27	3610	1
27	3733	1
27	3770	1
27	3774	1
28	37	1
28	50	1
28	80	1
28	89	1
28	132	1
28	275	1
28	314	1
28	327	1
28	401	1
28	406	1
28	485	1
28	489	1
28	580	1
28	670	1
28	671	1
28	726	1
28	931	1
28	955	1
28	1237	1
28	1249	1
28	1255	1
28	1450	1
28	1455	1
28	2031	1
28	3507	1
28	3740	-1
28	3743	1
29	63	1
29	102	1
29	113	1
29	178	1
29	201	1
29	373	1
29	496	1
29	509	1
29	614	1
29	747	1
29	787	1
29	885	1
29	960	1
29	981	1
29	1046	1
29	1149	1
29	1159	1
29	1188	1
29	1794	1
29	1797	1
29	2385	1
29	3691	1
29	3774	1
30	96	1
30	114	1
30	285	-1
30	314	-1
30	572	1
30	597	1
30	623	-1
30	627	1
30	643	1
30	689	1
30	757	1
30	882	1
30	964	1
30	1059	1
30	1063	1
30	1103	-1
30	1197	1
30	1342	1
30	1421	1
30	1517	-1
30	1552	1
30	1796	1
30	1840	1
30	2970	1
30	2972	1
30	3080	1
30	3100	1
30	3164	1
30	3191	1
30	3470	-1
30	3520	-1
30	3570	-1
30	3600	-1
30	3611	-1
30	3695	1
30	3696	-1
30	3715	-1
30	3744	-1
30	3774	-1
30	3779	-1
30	3782	-1
30	3783	-1
31	45	1
31	96	1
31	108	1
31	109	1
31	161	1
31	286	1
31	379	1
31	401	1
31	642	1
31	700	1
31	779	1
31	962	1
31	1040	1
31	1134	1
31	1146	1
31	2336	-1
31	2977	1
31	3769	1
32	102	1
32	178	1
32	201	1
32	214	1
32	237	1
32	257	1
32	307	1
32	366	1
32	393	1
32	485	1
32	521	1
32	672	1
32	696	1
32	796	-1
32	798	-1
32	1536	1
32	1774	1
32	2134	1
32	2244	1
32	2365	1
32	2389	1
32	3312	1
32	3590	1
33	45	1
33	50	1
33	69	1
33	71	1
33	167	1
33	183	1
33	204	1
33	305	1
33	370	1
33	376	1
33	404	1
33	408	1
33	459	1
33	503	1
33	540	1
33	553	1
33	587	1
33	635	1
33	649	1
33	735	1
33	739	1
33	798	-1
33	824	1
33	841	1
33	870	1
33	960	1
33	964	1
33	971	1
33	974	1
33	1034	1
33	1038	1
33	1136	1
33	1137	1
33	1139	1
33	1191	1
33	1283	1
33	1327	1
33	1349	1
33	1502	1
33	1513	1
33	1754	1
33	1760	1
33	1762	1
33	1796	1
33	1833	1
33	1882	1
33	2007	1
33	2105	1
33	2122	1
33	2150	1
33	2252	1
33	2596	1
33	2878	1
33	2932	1
33	2968	1
33	3322	1
33	3520	1
33	3577	1
33	3678	-1
33	3692	1
33	3744	1
33	3783	-1
34	416	1
34	649	1
34	708	1
34	894	1
34	1352	1
34	1381	1
34	1861	1
34	1863	1
34	2350	1
34	2378	1
34	2414	1
34	3362	1
34	3704	1
34	3776	-1
35	48	1
35	51	1
35	57	1
35	60	1
35	70	-1
35	80	-1
35	85	-1
35	190	1
35	212	1
35	232	1
35	258	1
35	260	1
35	284	1
35	346	1
35	360	1
35	427	1
35	437	1
35	459	1
35	486	1
35	491	1
35	530	1
35	548	1
35	598	1
35	801	-1
35	954	1
35	994	1
35	1134	1
35	1147	1
35	1658	1
35	1689	1
35	1873	1
35	2149	1
35	2208	1
35	2223	1
35	2479	1
35	2561	1
35	2727	1
35	2807	1
35	2853	1
35	3441	1
35	3455	1
35	3460	1
35	3484	1
35	3548	1
35	3563	-1
35	3594	-1
35	3741	-1
35	3759	-1
36	102	1
36	209	1
36	372	1
36	424	1
36	572	1
36	702	1
36	840	-1
36	1067	1
36	1173	1
36	1381	1
36	1562	1
36	1579	1
36	1580	1
36	2374	1
36	2377	1
36	2379	1
36	3187	1
36	3368	1
36	3520	1
36	3742	1
36	3764	1
37	38	1
37	54	1
37	91	1
37	113	1
37	152	1
37	168	1
37	297	1
37	314	1
37	474	1
37	479	1
37	561	1
37	570	1
37	594	1
37	601	1
37	610	1
37	657	1
37	990	1
37	1025	1
37	1399	1
37	1632	1
37	1764	1
37	1926	1
37	3550	-1
37	3579	1
37	3582	1
37	3627	-1
37	3731	1
37	3743	-1
38	47	1
38	55	1
38	57	1
38	64	1
38	65	1
38	66	1
38	71	1
38	80	1
38	95	1
38	121	1
38	151	1
38	159	1
38	211	1
38	241	1
38	256	1
38	260	1
38	272	1
38	277	1
38	285	1
38	301	1
38	346	1
38	361	1
38	411	1
38	451	1
38	455	1
38	530	1
38	618	1
38	700	1
38	742	1
38	744	1
38	793	1
38	874	1
38	954	1
38	960	1
38	1047	1
38	1148	1
38	1289	1
38	1305	1
38	1502	1
38	2399	1
38	3633	-1
38	3635	-1
38	3758	-1
39	45	1
39	76	1
39	79	1
39	130	1
39	132	1
39	201	1
39	217	1
39	231	1
39	240	1
39	274	1
39	314	1
39	326	1
39	408	1
39	515	1
39	680	1
39	729	1
39	784	1
39	785	1
39	924	1
39	1001	1
39	1125	1
39	1276	1
39	1280	1
39	2016	1
39	2070	1
39	2105	1
39	2111	1
39	2630	1
39	2873	1
39	3782	1
39	3783	-1
40	54	1
40	98	1
40	121	1
40	148	1
40	234	1
40	237	1
40	268	1
40	271	1
40	316	1
40	379	1
40	384	1
40	452	1
40	606	1
40	717	1
40	735	1
40	744	1
40	770	1
40	851	1
40	870	1
40	917	1
40	989	1
40	1029	1
40	1132	1
40	1179	1
40	1214	1
40	1224	1
40	1226	1
40	1243	1
40	1279	1
40	1401	1
40	1600	1
40	1717	1
40	1718	1
40	1794	1
40	1919	1
40	2103	1
40	2126	1
40	2140	1
40	2305	1
40	2314	1
40	2531	1
40	2891	1
40	2919	1
40	3589	1
40	3782	1
41	126	1
41	161	1
41	356	1
41	509	1
41	593	1
41	693	1
41	1298	1
41	2244	1
41	2257	1
41	2972	1
41	2979	1
41	3468	1
41	3732	1
41	3741	1
41	3744	-1
42	45	1
42	63	1
42	76	1
42	79	1
42	84	1
42	101	1
42	109	1
42	175	1
42	181	1
42	270	1
42	309	1
42	508	1
42	601	1
42	640	1
42	693	1
42	715	1
42	777	1
42	840	1
42	863	1
42	912	1
42	924	1
42	932	1
42	1149	1
42	1269	1
42	1290	1
42	1337	1
42	1359	1
42	1618	1
42	2155	1
42	2241	1
42	2579	1
42	3617	-1
42	3705	1
42	3761	-1
42	3782	1
43	63	1
43	113	-1
43	134	1
43	138	1
43	161	1
43	171	1
43	246	1
43	375	1
43	392	1
43	393	1
43	503	1
43	587	1
43	592	1
43	623	1
43	694	1
43	743	1
43	751	1
43	960	1
43	1331	1
43	1517	1
43	1568	1
43	1791	1
43	1795	1
43	1899	1
43	2078	1
43	3467	-1
43	3557	-1
43	3605	-1
43	3663	-1
43	3680	-1
43	3684	-1
43	3685	-1
43	3692	-1
43	3714	-1
43	3734	-1
43	3762	-1
43	3763	-1
43	3777	-1
43	3779	-1
43	3780	-1
43	3781	-1
44	45	1
44	74	1
44	101	1
44	129	1
44	148	1
44	152	1
44	340	1
44	442	1
44	445	1
44	446	1
44	476	1
44	501	1
44	514	1
44	546	1
44	593	1
44	608	1
44	613	1
44	662	1
44	711	1
44	1009	1
44	1076	1
44	1078	1
44	1087	1
44	1131	1
44	1429	1
44	1729	1
45	89	1
45	132	1
45	167	1
45	183	1
45	199	1
45	225	1
45	226	1
45	234	1
45	251	1
45	272	1
45	284	1
45	288	1
45	326	1
45	366	1
45	431	1
45	533	1
45	537	1
45	563	1
45	564	1
45	569	1
45	570	1
45	681	-1
45	716	1
45	719	1
45	850	1
45	865	1
45	920	1
45	988	1
45	993	1
45	1083	1
45	1106	1
45	1107	1
45	1175	1
45	1404	1
45	1424	1
45	1673	1
45	1947	1
45	2502	1
45	2541	1
45	3699	-1
45	3750	-1
45	3755	-1
45	3768	-1
46	61	1
46	68	1
46	177	1
46	178	1
46	206	1
46	258	1
46	332	1
46	373	1
46	656	1
46	813	1
46	979	1
46	1049	1
46	1274	1
46	1313	1
46	1513	1
46	1531	1
46	1532	1
46	1803	1
46	1805	1
46	1807	1
46	1812	1
46	2272	1
46	3133	1
46	3178	1
46	3729	-1
47	460	1
47	1034	1
47	3777	-1
47	3778	-1
47	3781	-1
47	3782	1
48	102	1
48	104	1
48	109	1
48	152	1
48	202	1
48	210	1
48	231	1
48	299	1
48	386	1
48	408	1
48	416	1
48	475	1
48	542	1
48	568	1
48	609	1
48	613	1
48	732	1
48	850	1
48	914	1
48	1094	1
48	1235	1
48	1239	1
48	1279	1
48	1420	1
48	1473	1
48	1716	1
48	1920	1
48	2114	1
48	2677	1
48	2734	1
48	3550	1
48	3551	1
48	3581	1
48	3690	-1
48	3782	1
48	3783	-1
49	332	1
49	483	1
49	757	1
49	830	1
49	1198	1
49	1558	1
49	1560	1
49	1874	1
49	2338	1
49	2372	1
49	3289	1
49	3520	1
49	3615	1
49	3742	-1
49	3764	-1
49	3776	-1
50	52	1
50	54	1
50	57	1
50	69	1
50	90	1
50	100	1
50	101	1
50	142	1
50	149	1
50	169	1
50	182	1
50	195	1
50	226	1
50	257	1
50	370	1
50	442	1
50	576	1
50	633	1
50	701	1
50	721	1
50	739	1
50	778	1
50	784	1
50	912	1
50	1140	1
50	1241	1
50	1280	1
50	1751	1
50	1974	1
50	2182	1
50	3573	1
50	3782	1
51	80	1
51	98	1
51	170	1
51	176	-1
51	370	1
51	409	1
51	553	1
51	588	1
51	672	1
51	741	1
51	796	1
51	961	1
51	1020	1
51	1077	1
51	1287	1
51	1314	1
51	1484	1
51	1809	1
51	2133	1
51	2150	1
51	2151	1
51	2798	1
51	2802	1
51	2887	1
51	2932	1
51	3568	1
51	3705	-1
51	3744	1
51	3745	1
51	3752	-1
51	3759	-1
51	3771	-1
51	3782	1
52	69	1
52	264	1
52	274	1
52	361	1
52	634	1
52	637	1
52	739	1
52	949	1
52	955	1
52	961	1
52	1033	1
52	1034	1
52	1138	1
52	1320	1
52	1755	1
52	2195	1
52	2886	1
52	2893	1
52	2896	1
52	2902	1
52	3744	1
52	3782	-1
53	138	1
53	332	1
53	375	1
53	464	1
53	754	-1
53	1522	1
53	1959	1
53	3417	1
53	3642	-1
53	3691	-1
53	3774	-1
53	3777	1
53	3778	1
53	3780	1
53	3781	1
53	3783	1
54	102	1
54	108	1
54	126	1
54	145	1
54	188	1
54	200	1
54	226	1
54	234	1
54	328	1
54	383	1
54	469	1
54	914	1
54	2336	-1
54	3729	-1
54	3743	-1
55	80	1
55	143	1
55	144	1
55	157	1
55	166	1
55	190	1
55	199	1
55	232	1
55	272	-1
55	283	1
55	349	1
55	385	1
55	390	1
55	462	1
55	491	1
55	673	1
55	688	1
55	824	-1
55	875	1
55	1454	1
55	1691	1
55	2237	1
56	147	1
56	168	1
56	753	1
56	969	1
56	1539	1
56	2337	1
56	3107	1
56	3166	1
56	3774	1
57	65	1
57	75	1
57	79	1
57	109	1
57	117	1
57	150	1
57	252	1
57	256	1
57	304	1
57	323	1
57	361	1
57	389	1
57	407	1
57	614	1
57	630	1
57	664	1
57	793	1
57	872	1
57	874	1
57	994	1
57	1135	1
57	1442	1
57	1657	1
57	1689	1
57	1728	1
57	1963	1
57	2098	1
57	2106	1
57	2118	1
57	3743	1
58	96	1
58	113	-1
58	164	1
58	171	1
58	194	1
58	206	1
58	286	1
58	307	1
58	338	-1
58	349	1
58	375	1
58	416	1
58	572	1
58	634	1
58	637	1
58	648	1
58	762	1
58	830	1
58	888	1
58	1032	1
58	1190	1
58	1383	1
58	1564	1
58	1582	1
58	1590	1
58	1847	1
58	1867	1
58	1900	1
58	2336	1
58	2369	1
58	2403	1
58	3218	1
58	3226	1
58	3344	1
58	3348	1
58	3352	1
58	3411	1
58	3528	-1
58	3601	-1
58	3613	-1
58	3689	-1
58	3700	-1
58	3701	-1
58	3702	-1
58	3710	-1
58	3711	-1
58	3723	-1
58	3731	-1
58	3770	-1
58	3779	-1
58	3783	-1
59	130	1
59	237	1
59	430	1
59	494	1
59	981	1
59	1374	1
59	1376	1
59	2362	1
59	2364	1
59	3270	1
59	3559	1
59	3599	1
60	63	1
60	176	1
60	256	1
60	267	1
60	269	1
60	293	1
60	302	1
60	361	1
60	389	1
60	440	1
60	518	1
60	549	1
60	824	-1
60	1482	-1
60	3743	-1
60	3752	-1
60	3782	1
61	206	1
61	258	1
61	435	1
61	457	1
61	488	1
61	505	1
61	705	1
61	884	1
61	953	1
61	965	1
61	979	1
61	1050	1
61	1052	1
61	1182	1
61	1274	1
61	1813	1
61	1851	1
61	3466	1
61	3612	1
61	3693	1
61	3783	-1
62	64	1
62	102	1
62	237	1
62	258	1
62	587	1
62	885	1
62	886	1
62	933	1
62	1781	1
62	2314	1
62	3696	1
62	3715	1
62	3744	1
62	3769	-1
63	84	1
63	105	1
63	176	1
63	209	1
63	336	1
63	392	1
63	522	1
63	655	1
63	718	1
63	801	1
63	845	1
63	1083	1
63	1095	1
63	1222	1
63	3782	-1
63	3783	-1
64	70	1
64	87	1
64	133	1
64	135	1
64	155	1
64	176	-1
64	196	1
64	285	1
64	491	1
64	520	1
64	530	1
64	698	1
64	700	1
64	902	1
64	1351	1
64	2816	1
64	3544	-1
64	3582	1
65	84	1
65	109	1
65	130	1
65	175	1
65	449	1
65	467	1
65	516	1
65	588	1
65	786	1
65	862	1
65	916	1
65	926	1
65	1248	1
65	1258	1
65	1271	1
65	1404	1
65	1933	1
65	1984	1
65	2071	1
65	2159	1
65	2544	1
65	2682	1
65	3751	-1
65	3775	-1
66	98	1
66	101	1
66	143	1
66	409	1
66	483	1
66	513	1
66	738	1
66	1242	1
66	1300	1
66	1456	1
66	1473	1
66	1646	1
66	2851	1
66	2856	1
66	3782	-1
67	69	1
67	79	1
67	102	1
67	130	1
67	316	1
67	453	1
67	588	1
67	615	1
67	634	1
67	746	1
67	752	1
67	988	1
67	1068	1
67	1150	1
67	1288	1
67	1289	1
67	1290	1
67	1327	1
67	1363	1
67	1730	1
67	1760	1
67	1843	1
67	2247	1
67	2800	1
68	124	1
68	166	1
68	177	1
68	178	1
68	296	1
68	408	-1
68	591	1
68	599	1
68	627	1
68	881	1
68	1051	1
68	1105	1
68	1364	1
68	1804	1
68	1828	1
68	3513	-1
68	3777	-1
68	3778	-1
68	3779	-1
68	3780	-1
68	3781	-1
69	97	1
69	98	1
69	117	1
69	142	1
69	146	1
69	156	1
69	159	1
69	161	1
69	171	1
69	197	1
69	198	1
69	204	1
69	232	1
69	257	1
69	258	1
69	266	1
69	277	1
69	346	1
69	453	1
69	623	1
69	686	1
69	738	1
69	739	1
69	800	1
69	857	1
69	1494	1
69	1749	1
69	1758	1
69	2169	1
69	2176	1
70	98	1
70	108	1
70	114	1
70	117	1
70	149	1
70	232	1
70	258	1
70	279	1
70	427	1
70	591	1
70	698	1
70	966	1
70	1140	1
70	2175	1
70	3566	1
70	3567	-1
70	3744	-1
71	220	1
71	243	1
71	296	1
71	457	1
71	745	1
71	954	1
72	99	1
72	113	1
72	132	1
72	181	1
72	324	1
72	416	1
72	447	1
72	546	1
72	568	1
72	830	1
72	896	1
72	1279	1
72	1475	1
72	1718	1
72	2449	1
72	2761	1
72	2762	1
72	2768	1
72	3347	1
72	3483	1
73	171	1
73	214	1
73	460	1
73	463	1
73	528	1
73	883	1
73	1051	1
73	1054	1
73	2336	-1
73	3346	1
73	3591	1
73	3643	-1
73	3783	-1
74	367	1
74	824	1
74	1259	1
74	1620	1
74	1648	1
74	2857	1
74	3783	1
75	76	1
75	132	1
75	152	1
75	169	1
75	204	1
75	210	1
75	212	1
75	328	1
75	467	1
75	568	1
75	775	1
75	854	1
75	918	1
75	1100	1
75	1417	1
75	3573	1
76	77	1
76	78	1
76	79	1
76	97	1
76	130	1
76	240	1
76	254	1
76	314	1
76	339	1
76	408	1
76	480	1
76	619	1
76	678	1
76	911	1
76	1258	1
76	1684	1
76	2046	1
76	3465	-1
77	161	1
77	231	1
77	384	1
77	403	1
77	408	1
77	516	1
77	660	1
77	664	1
77	777	1
77	853	1
77	857	1
77	926	1
77	938	1
77	1118	1
77	1638	1
77	1715	1
77	2667	1
77	3462	1
78	161	1
78	260	1
78	403	1
78	474	1
78	511	1
78	543	1
78	629	1
78	721	1
78	739	1
78	785	1
78	798	1
78	955	1
78	1133	1
78	1249	1
78	1290	1
78	1428	1
78	1465	1
78	1473	1
78	1638	1
78	1758	1
78	2083	1
78	2739	1
78	3705	-1
79	90	1
79	97	1
79	140	1
79	155	1
79	212	1
79	255	1
79	272	1
79	314	1
79	380	1
79	386	1
79	542	1
79	580	1
79	624	1
79	730	1
79	732	1
79	792	1
79	863	1
79	926	1
79	937	1
79	1003	1
79	1018	1
79	1120	1
79	1130	1
79	1132	1
79	1133	1
79	1273	1
79	1276	1
79	1468	1
79	1472	1
79	1660	1
79	2068	1
79	2087	1
79	2101	1
79	2104	1
79	2675	1
80	176	1
80	184	1
80	196	1
80	244	1
80	260	1
80	267	1
80	268	1
80	286	1
80	371	1
80	384	1
80	491	1
80	555	1
80	598	1
80	1921	1
80	2925	1
80	3777	-1
80	3778	-1
81	248	1
81	467	1
81	627	1
81	754	1
81	890	1
81	971	1
81	1198	1
81	1553	1
81	1562	1
81	1573	1
81	3244	1
81	3250	1
81	3331	1
82	164	1
82	707	1
82	980	1
82	1490	1
82	2336	-1
82	3343	1
82	3360	1
82	3416	1
82	3682	1
82	3770	-1
83	171	1
83	279	1
83	591	1
83	1048	1
83	1458	1
83	1760	1
83	3598	1
83	3678	1
83	3731	1
83	3745	1
83	3774	-1
83	3779	-1
83	3782	-1
83	3783	-1
84	99	1
84	138	1
84	224	1
84	263	1
84	299	1
84	324	1
84	339	1
84	381	1
84	419	1
84	450	1
84	500	1
84	507	1
84	853	1
84	863	1
84	909	1
84	1083	1
84	1098	1
84	1100	1
84	1417	1
84	1616	1
84	1619	1
84	1975	1
84	2481	1
84	3465	-1
84	3748	1
84	3768	1
85	164	1
85	171	1
85	192	-1
85	246	1
85	337	-1
85	375	-1
85	601	1
85	617	1
85	804	1
85	967	1
85	1180	1
85	1322	-1
85	1570	1
85	2328	1
85	2336	-1
85	2369	1
85	2951	1
85	3415	1
85	3494	1
85	3513	-1
85	3514	1
85	3577	1
85	3607	1
85	3682	-1
85	3777	-1
85	3778	-1
85	3780	-1
85	3781	-1
85	3783	-1
86	87	1
86	145	-1
86	469	-1
86	1200	1
86	1204	1
86	3383	-1
86	3395	1
86	3444	1
86	3548	-1
86	3572	-1
86	3731	-1
86	3739	-1
87	96	1
87	171	1
87	192	1
87	206	1
87	214	-1
87	269	1
87	424	1
87	572	1
87	592	1
87	602	1
87	702	1
87	707	1
87	1045	1
87	1070	1
87	1156	1
87	1381	1
87	1863	1
87	1880	1
87	1884	1
87	2155	1
87	3306	1
87	3318	1
87	3591	1
87	3594	-1
87	3652	-1
87	3731	-1
87	3770	-1
88	129	1
88	164	1
88	461	1
88	646	1
88	882	1
88	1187	1
88	1405	1
88	1518	1
88	3235	1
88	3507	-1
88	3583	-1
88	3722	-1
88	3731	-1
89	132	1
89	160	1
89	175	1
89	254	1
89	369	1
89	373	1
89	406	1
89	516	1
89	519	1
89	587	1
89	699	1
89	945	1
89	1193	1
89	1267	1
89	1708	1
89	2033	1
89	2043	1
89	2096	1
89	2623	1
89	2628	1
89	3454	1
89	3618	-1
90	117	1
90	132	1
90	175	1
90	189	1
90	286	1
90	314	1
90	328	1
90	357	1
90	402	1
90	405	1
90	506	1
90	516	1
90	570	1
90	841	1
90	883	1
90	1011	1
90	2038	1
90	3743	1
90	3751	-1
91	126	1
91	194	1
91	200	1
91	234	1
91	297	1
91	441	1
91	1084	1
91	1665	1
91	3603	1
91	3725	-1
92	132	1
92	309	1
92	462	1
92	640	1
92	821	1
92	958	1
92	976	1
92	1150	1
92	1323	1
92	1560	1
92	1576	1
92	1620	1
92	1821	1
92	1833	1
92	1847	1
92	2985	1
92	3208	1
92	3454	-1
93	248	1
93	376	1
93	764	1
93	891	1
93	1068	1
93	1865	1
93	3171	1
93	3284	1
93	3412	1
93	3483	1
93	3521	-1
93	3647	-1
93	3648	-1
93	3694	-1
94	491	1
95	96	1
95	104	1
95	108	1
95	221	1
95	246	1
95	332	1
95	373	1
95	428	1
95	464	1
95	493	1
95	553	1
95	643	1
95	752	1
95	882	1
95	966	1
95	1171	1
95	1278	1
95	1307	1
95	1348	1
95	1370	1
95	1829	1
95	1874	1
95	1889	1
95	2257	-1
95	2336	1
95	2358	1
95	2369	-1
95	2380	1
95	2410	1
95	2953	1
95	3179	1
95	3246	1
95	3302	1
95	3518	-1
95	3611	1
95	3676	-1
95	3727	-1
95	3729	1
95	3753	-1
95	3759	-1
95	3760	-1
95	3763	-1
95	3777	-1
95	3778	-1
95	3779	-1
95	3780	-1
95	3781	-1
95	3783	-1
96	125	1
96	141	1
96	163	1
96	172	1
96	351	1
96	491	-1
96	525	1
96	647	1
96	648	1
96	704	1
96	984	1
96	1379	1
96	1553	1
96	1895	1
96	3379	1
96	3387	1
96	3404	1
96	3774	-1
97	102	1
97	273	1
97	316	1
97	366	1
97	919	1
97	925	1
97	996	1
97	1136	1
97	1284	1
97	1488	1
97	1706	1
97	3630	-1
98	185	1
98	687	1
98	940	1
98	3744	1
99	106	1
99	129	1
99	145	1
99	150	1
99	238	1
99	353	1
99	419	1
99	444	1
99	562	1
99	641	-1
99	660	1
99	842	1
99	1351	1
99	1993	1
99	3731	1
99	3783	1
100	147	1
100	827	1
100	969	1
100	1694	1
100	2490	1
100	2720	1
100	3767	1
100	3783	-1
101	133	1
101	193	1
101	199	1
101	246	1
101	279	1
101	304	1
101	467	1
101	478	1
101	1248	1
101	1461	1
101	3783	1
102	103	1
102	109	1
102	288	1
102	289	1
102	370	1
102	481	1
102	508	1
102	535	1
102	725	1
102	856	1
102	1013	1
102	1244	1
102	1247	1
102	1256	1
102	1517	1
102	3508	-1
102	3688	1
102	3743	-1
102	3773	-1
102	3775	-1
103	161	1
103	1167	1
103	1317	1
103	1325	1
103	1508	1
103	2229	1
103	3485	1
104	145	-1
104	185	-1
104	288	-1
104	378	1
104	491	-1
104	497	1
104	709	1
104	801	-1
104	966	1
104	1351	1
104	1388	1
104	1596	1
104	1879	1
104	3443	1
104	3445	1
104	3492	1
104	3731	-1
104	3739	-1
104	3782	-1
105	164	1
105	496	1
105	602	1
105	613	-1
105	720	1
105	830	1
105	1045	1
105	1197	1
105	1915	1
105	3754	-1
105	3764	-1
106	167	1
106	182	1
106	189	1
106	215	1
106	225	1
106	252	1
106	260	1
106	297	1
106	311	1
106	355	1
106	383	1
106	453	1
106	472	1
106	500	1
106	509	1
106	561	1
106	655	1
106	660	1
106	739	1
106	1041	1
106	2041	1
106	3761	-1
107	317	1
107	361	1
107	513	1
107	549	1
107	621	1
107	693	1
107	883	1
107	1058	1
107	1542	1
107	1777	1
107	3744	1
107	3774	1
108	130	1
108	300	1
108	382	1
108	483	1
108	645	1
108	798	1
108	1363	1
108	1456	1
108	1683	1
108	1951	1
108	2005	1
109	167	1
109	217	1
109	328	1
109	407	1
109	422	1
109	500	1
109	535	1
109	566	1
109	669	1
109	670	1
109	722	1
109	779	1
109	866	1
109	931	1
109	999	1
109	1099	1
109	1270	1
109	1431	1
109	1930	1
109	3465	-1
109	3703	1
110	305	1
110	369	1
110	390	1
110	440	1
110	518	1
110	519	1
110	959	1
110	1883	1
110	2274	1
110	2309	1
110	2419	1
111	433	1
111	463	1
111	553	1
111	2380	1
111	3269	1
111	3597	1
111	3718	-1
111	3739	1
111	3768	-1
111	3777	-1
111	3780	-1
111	3781	-1
111	3783	-1
112	301	1
112	427	1
112	524	1
112	697	1
112	701	1
112	2276	1
112	3774	1
112	3779	1
113	130	1
113	134	1
113	154	1
113	155	1
113	159	-1
113	170	1
113	177	1
113	188	1
113	268	1
113	317	1
113	355	1
113	358	1
113	553	1
113	660	1
113	757	1
113	824	-1
113	1607	1
113	1691	-1
113	3759	-1
113	3782	-1
114	145	-1
114	362	1
114	1879	1
114	2413	1
114	3369	-1
114	3383	1
114	3502	-1
114	3549	-1
114	3739	-1
115	372	1
115	1185	1
115	1574	1
115	1875	1
115	2302	1
115	2364	1
115	2369	1
115	3213	1
115	3220	1
115	3251	1
115	3569	1
115	3613	1
116	708	-1
116	1191	1
116	2362	1
116	2376	1
116	2387	1
116	3137	1
116	3285	1
116	3600	1
116	3704	1
116	3774	1
117	122	1
117	194	1
117	258	1
117	260	1
117	285	1
117	306	1
117	402	1
117	506	1
117	796	-1
117	798	-1
117	1147	1
117	1148	1
117	1314	1
117	1318	1
117	1487	1
117	1488	1
117	2193	1
117	2908	1
117	3604	-1
117	3767	1
117	3779	1
118	375	1
118	528	1
118	603	1
118	649	1
118	1580	1
118	1592	1
118	3776	-1
119	121	1
119	129	1
119	283	1
119	311	1
119	322	1
119	491	1
119	662	1
119	1946	1
119	3483	-1
120	454	1
120	464	1
120	603	1
120	762	1
120	1071	1
120	1201	1
120	1368	1
120	3691	1
121	256	1
121	325	1
121	402	1
121	472	1
121	486	1
121	501	1
121	512	1
121	578	1
121	598	1
121	633	1
121	800	1
121	874	1
121	1058	1
121	2066	1
121	2208	1
122	467	1
122	469	1
122	591	1
122	733	1
122	798	1
122	960	1
122	964	1
122	1738	1
122	2774	1
122	3744	-1
123	260	1
123	334	1
123	649	1
123	663	1
123	1146	1
123	1376	1
123	1671	1
123	3719	-1
123	3735	-1
123	3774	1
124	298	1
124	332	1
124	456	1
124	520	1
124	643	1
124	882	1
124	885	1
124	1033	1
124	1051	1
124	1169	1
124	1820	1
124	2140	1
124	2299	1
124	3079	-1
124	3513	1
124	3717	1
124	3774	1
125	299	1
125	309	1
125	376	1
125	433	1
125	458	1
125	496	1
125	497	1
125	817	1
125	826	1
125	1009	1
125	1032	-1
125	1837	1
125	1840	1
125	2225	-1
125	2394	1
125	3408	1
125	3546	-1
125	3610	-1
125	3624	1
125	3681	-1
125	3747	-1
126	155	1
126	171	1
126	293	1
126	374	-1
126	389	1
126	421	1
126	625	1
126	690	-1
126	2673	1
126	3371	1
126	3731	-1
127	178	1
127	812	1
127	953	1
127	1559	1
127	1821	1
127	2421	1
127	3133	1
127	3710	1
128	580	1
128	590	1
128	617	1
128	895	1
128	974	1
128	1190	1
128	1876	1
128	2375	1
128	2381	1
128	2397	1
128	3282	1
128	3321	1
128	3776	-1
129	149	1
129	159	1
129	167	1
129	169	1
129	194	1
129	201	1
129	209	1
129	215	1
129	236	1
129	252	1
129	272	1
129	298	1
129	401	1
129	422	1
129	423	1
129	440	1
129	443	1
129	470	1
129	500	1
129	502	1
129	503	1
129	504	1
129	537	1
129	565	1
129	607	1
129	656	1
129	659	1
129	713	1
129	717	1
129	770	1
129	771	1
129	772	1
129	843	1
129	846	1
129	847	1
129	987	1
129	998	1
129	1080	1
129	1082	1
129	1086	1
129	1089	1
129	1093	1
129	1416	1
129	1422	1
129	1614	1
129	1921	1
129	3729	1
129	3761	1
129	3774	-1
130	181	1
130	255	1
130	299	1
130	326	1
130	341	1
130	383	1
130	404	1
130	406	1
130	540	1
130	568	1
130	579	1
130	725	1
130	777	1
130	785	1
130	849	1
130	857	1
130	926	1
130	934	1
130	949	1
130	1255	1
130	1437	1
130	1439	1
130	1635	1
130	1659	1
130	1691	1
130	3783	-1
131	169	1
131	353	1
131	380	1
131	531	1
131	561	1
131	607	1
131	654	1
131	669	1
131	680	1
131	721	1
131	791	1
131	863	1
131	938	1
131	1241	1
131	1404	1
131	1453	1
131	3212	1
132	201	1
132	251	1
132	255	1
132	315	1
132	384	1
132	452	1
132	938	1
132	1021	1
132	1111	1
132	1705	1
133	613	1
133	688	1
133	798	-1
133	799	1
133	1272	1
133	2216	1
133	3594	1
133	3621	1
133	3767	1
134	140	1
134	199	1
134	244	1
134	325	1
134	743	1
134	3782	-1
134	3783	-1
135	176	1
135	547	1
135	551	1
135	586	1
135	1732	1
135	2895	1
135	3267	1
135	3756	-1
136	153	1
136	528	1
136	893	1
136	962	1
136	1459	1
136	1794	1
136	2242	1
136	2406	1
136	3783	-1
137	264	1
137	697	1
137	735	1
137	852	1
137	1781	1
137	2094	1
137	2245	1
137	2526	1
137	2527	1
137	2717	1
137	3506	1
137	3573	1
137	3744	1
138	198	1
138	306	1
138	408	1
138	436	1
138	566	1
138	642	1
138	2371	1
139	148	1
139	188	1
139	328	1
139	572	1
139	663	1
139	713	1
139	718	1
139	720	1
139	3782	-1
140	406	1
140	660	1
140	671	1
140	680	1
140	685	1
140	1649	1
140	2318	1
140	2568	1
140	2584	1
140	3677	-1
140	3744	1
141	458	1
141	602	1
141	614	1
141	751	1
141	1353	1
141	2325	1
141	2406	1
141	3389	1
141	3660	-1
141	3770	-1
142	517	1
142	519	1
142	697	1
142	951	1
142	955	1
142	1285	1
142	1770	1
142	2229	1
143	177	1
143	199	1
143	244	1
143	452	1
143	550	1
143	1144	1
143	1500	1
143	1762	1
143	3783	-1
144	235	1
144	283	1
144	390	1
144	412	1
144	1189	1
144	1561	1
144	1691	1
144	3594	1
145	153	1
145	200	1
145	201	-1
145	223	1
145	234	1
145	332	-1
145	337	-1
145	469	1
145	483	1
145	639	-1
145	737	1
145	824	1
145	897	-1
145	951	1
145	1099	1
145	1248	1
145	1998	1
145	2251	1
145	2293	-1
145	2348	1
145	2456	1
145	2469	1
145	2857	1
145	3152	1
145	3384	1
145	3470	-1
145	3506	1
145	3507	-1
145	3513	-1
145	3619	-1
145	3681	-1
145	3696	-1
145	3715	-1
145	3729	-1
145	3739	1
145	3744	-1
145	3767	-1
145	3772	-1
145	3773	-1
146	346	1
146	541	1
146	634	1
146	763	1
146	1149	1
146	1507	1
146	1510	1
146	1852	1
146	2168	1
146	2197	1
146	2219	1
146	2226	1
146	3782	1
147	187	1
147	223	1
147	358	1
147	690	1
148	209	1
148	540	1
148	1099	1
148	1409	1
148	1913	1
148	1995	1
148	3782	-1
149	155	1
149	169	1
149	182	1
149	217	1
149	226	1
149	293	1
149	419	1
149	485	1
149	531	1
149	536	1
149	565	1
149	660	1
149	711	1
149	926	1
149	974	1
149	1969	1
149	2376	-1
150	212	1
150	226	1
150	299	1
150	403	1
150	473	1
150	478	1
150	507	1
150	511	1
150	515	1
150	581	1
150	660	1
150	680	1
150	863	1
150	1040	1
150	1081	1
150	1098	1
150	1427	1
150	1463	1
150	1647	1
150	1685	1
150	1999	1
150	2545	1
150	2564	1
150	2822	1
150	3731	1
150	3743	-1
150	3777	-1
150	3778	-1
150	3780	-1
150	3781	-1
150	3783	-1
151	285	1
151	1884	1
151	2393	1
151	3519	-1
152	153	1
152	188	1
152	216	1
152	234	1
152	251	1
152	253	1
152	272	1
152	988	1
152	1628	1
152	1691	1
152	3782	1
153	154	1
153	226	1
153	253	1
153	295	1
153	482	1
153	507	1
153	515	1
153	670	1
153	792	1
153	842	1
153	864	1
153	931	1
153	1662	1
153	1665	1
153	1692	1
153	1718	1
154	270	1
154	340	1
154	374	1
154	403	1
154	425	1
154	441	1
154	467	1
154	593	1
154	896	1
154	3590	1
154	3783	-1
155	217	1
155	327	1
155	367	1
155	403	1
155	424	1
155	462	1
155	622	1
155	853	1
155	958	1
155	1453	1
155	3169	1
155	3594	-1
155	3726	-1
156	161	1
156	431	1
156	455	1
156	485	1
156	591	1
156	634	1
156	639	1
156	692	1
156	1025	1
156	1027	1
156	1032	1
156	1277	1
156	1324	1
156	1495	1
156	1842	1
156	2156	1
156	2377	1
156	2824	1
156	3741	1
156	3783	-1
157	204	1
157	435	1
157	589	1
157	933	1
157	1561	1
157	2336	1
157	2815	1
157	3779	-1
157	3783	-1
158	248	1
158	3386	1
159	444	1
159	1099	1
159	1140	1
159	1234	1
159	3581	1
159	3696	-1
159	3715	-1
159	3744	-1
159	3768	-1
160	817	1
160	945	1
161	188	-1
161	204	1
161	260	1
161	592	1
161	623	1
161	635	1
161	690	1
161	695	1
161	798	-1
161	1022	1
161	1039	1
161	1140	1
161	1322	1
161	3779	1
162	964	1
162	1167	1
162	1322	1
162	1518	1
162	1523	1
162	2258	1
162	2990	1
162	3025	1
163	375	1
163	416	1
163	462	1
163	528	1
163	1586	1
163	1774	1
163	3739	-1
164	174	1
164	199	1
164	761	1
164	835	1
164	1393	-1
165	223	1
165	407	1
165	489	1
165	3372	1
165	3496	-1
165	3514	1
165	3739	1
166	390	1
166	548	1
166	552	1
166	846	1
166	995	1
166	1020	1
166	1164	1
166	1514	1
166	1777	1
166	1786	1
166	2244	1
166	2965	1
166	2995	1
166	3594	1
166	3696	-1
166	3715	-1
166	3744	-1
166	3767	1
166	3782	-1
167	183	1
167	237	1
167	263	1
167	357	1
167	369	1
167	382	1
167	419	1
167	541	1
167	619	1
167	777	1
167	1638	1
167	3743	1
168	193	1
168	591	1
168	772	1
168	996	1
168	3507	1
168	3777	-1
168	3778	-1
168	3780	-1
168	3781	-1
168	3783	-1
169	175	1
169	183	1
169	202	1
169	209	1
169	215	1
169	365	1
169	447	1
169	668	1
169	858	1
169	1210	1
169	3743	1
170	370	1
170	482	1
170	588	1
170	686	1
170	960	1
170	2224	1
170	3783	-1
171	192	1
171	824	1
172	214	1
172	326	1
172	555	1
172	701	1
172	1173	1
172	1190	1
172	1327	1
172	3783	-1
173	363	1
173	496	1
173	1370	1
173	1837	1
173	1841	1
173	2373	1
173	2392	1
173	3337	1
173	3577	1
173	3738	-1
173	3746	-1
174	580	1
174	775	-1
174	3770	1
175	210	1
175	217	1
175	256	1
175	300	1
175	326	1
175	368	1
175	3453	1
175	3768	1
176	196	-1
176	267	1
176	302	1
176	350	1
176	491	-1
176	740	1
176	1134	-1
176	3697	1
176	3782	-1
177	214	1
177	258	1
177	279	1
177	286	-1
177	332	1
177	349	1
177	357	-1
177	404	1
177	489	1
177	521	1
177	522	1
177	524	1
177	587	1
177	592	1
177	595	1
177	621	1
177	639	1
177	640	1
177	787	1
177	798	-1
177	799	1
177	802	1
177	810	1
177	816	1
177	877	1
177	878	1
177	882	1
177	969	1
177	1020	1
177	1024	1
177	1033	1
177	1039	1
177	1041	1
177	1051	1
177	1053	1
177	1054	1
177	1171	1
177	1293	1
177	1304	1
177	1324	1
177	1328	1
177	1352	1
177	1456	1
177	1515	1
177	1517	1
177	1524	1
177	1525	1
177	1538	1
177	1541	1
177	1548	1
177	1553	1
177	1696	1
177	1714	1
177	1753	1
177	1757	1
177	1765	1
177	1809	1
177	1811	1
177	1835	1
177	2213	1
177	2225	1
177	2254	1
177	2280	-1
177	2286	1
177	2299	1
177	2311	1
177	2963	1
177	2988	1
177	3003	1
177	3470	-1
177	3568	1
177	3598	1
177	3696	-1
177	3709	-1
177	3715	-1
177	3733	1
177	3744	-1
177	3762	-1
177	3763	-1
177	3769	-1
177	3774	1
177	3777	-1
177	3778	-1
177	3780	-1
177	3781	-1
178	330	1
178	774	1
178	881	1
178	1530	1
178	1557	1
178	1565	1
178	3700	1
179	322	1
179	337	1
179	595	1
179	696	1
179	752	1
179	1604	1
179	3017	1
179	3513	-1
179	3562	-1
179	3594	1
179	3706	-1
179	3731	-1
179	3777	-1
179	3779	-1
179	3780	-1
179	3781	-1
179	3782	-1
179	3783	-1
180	230	1
180	498	1
180	824	1
180	3565	1
181	226	1
181	356	1
181	401	1
181	405	1
181	510	1
181	863	1
181	999	1
181	2000	1
181	2012	1
181	2566	1
181	2611	1
181	2618	1
181	3761	-1
181	3768	-1
182	217	1
182	366	1
182	367	1
182	442	1
182	507	1
182	568	1
182	609	1
182	660	1
182	713	1
182	841	1
182	1437	1
182	3454	1
182	3783	-1
183	264	1
183	299	1
183	313	1
183	424	1
183	449	1
183	574	1
183	670	1
183	675	1
183	725	1
183	3743	1
183	3749	-1
183	3766	-1
184	360	1
184	392	1
184	440	1
184	592	1
184	673	1
184	693	1
184	747	1
184	1046	1
184	3783	-1
185	264	1
185	349	1
185	423	1
185	1380	1
186	230	1
186	281	1
186	498	1
186	558	1
186	2336	1
187	302	1
187	334	1
187	423	1
187	507	1
187	552	1
187	1349	1
188	200	1
188	206	1
188	234	1
188	251	1
188	334	1
188	469	1
188	483	1
188	489	1
188	573	1
188	943	1
188	1494	1
188	1762	-1
188	2336	-1
188	3513	-1
188	3514	1
188	3639	-1
188	3719	-1
188	3729	-1
188	3730	-1
188	3758	-1
188	3773	-1
188	3777	-1
188	3778	-1
188	3779	-1
188	3780	-1
188	3781	-1
188	3783	-1
189	190	1
189	306	1
189	660	1
189	1298	1
189	1506	1
190	258	1
190	392	1
190	599	1
190	798	-1
190	903	1
190	1391	1
190	1760	1
190	2424	1
190	3741	-1
190	3759	-1
190	3767	1
190	3779	1
191	435	1
191	553	1
191	599	1
191	1519	1
191	3254	1
191	3384	1
192	3731	-1
193	517	1
193	529	1
193	548	1
193	722	1
193	1918	1
193	3457	-1
193	3511	-1
193	3567	-1
193	3756	1
194	530	1
194	712	1
194	798	-1
195	275	1
195	864	1
195	2069	1
195	3677	1
196	269	1
196	747	1
196	824	1
196	1277	1
196	3114	1
196	3286	1
196	3783	-1
197	459	1
197	591	1
197	798	1
197	1068	1
197	1794	1
197	3756	1
198	235	1
198	390	1
198	2187	1
198	3706	-1
199	257	-1
199	358	1
199	440	1
199	451	1
199	517	1
199	752	1
199	826	1
199	879	1
199	1587	1
199	1820	1
199	2324	1
199	3488	1
200	503	1
200	607	1
200	3514	1
201	298	1
201	535	1
201	614	1
202	240	1
202	303	1
202	344	1
202	357	1
202	406	1
202	540	1
202	574	1
202	584	1
202	620	1
202	935	1
202	986	1
202	1011	1
202	3782	1
203	1292	1
203	1339	1
203	1853	1
204	428	1
204	647	-1
204	787	1
204	798	1
204	3691	1
205	237	1
205	401	1
205	506	1
205	643	1
205	857	1
205	1041	1
206	284	-1
206	457	1
206	588	-1
206	632	-1
206	647	1
206	1062	1
206	1855	1
206	2354	1
206	3700	-1
206	3729	-1
207	3695	1
207	3774	-1
208	3757	-1
209	257	1
209	565	1
209	801	1
209	1087	1
210	240	1
210	253	1
210	542	1
210	1440	1
211	232	1
211	389	1
211	631	1
211	683	1
211	1139	1
211	1143	1
211	1286	1
211	1292	-1
211	2908	1
211	3462	1
211	3771	-1
211	3782	1
212	226	1
212	251	1
212	272	1
212	284	1
212	315	1
212	401	1
212	666	1
212	667	1
212	1268	1
214	453	1
214	530	-1
214	656	1
214	696	1
214	3692	-1
215	232	1
215	322	1
215	327	1
215	569	1
215	1094	1
215	1405	1
216	353	1
216	1325	1
216	1616	1
216	2074	1
216	3783	-1
217	272	1
217	328	1
217	368	1
217	382	1
217	401	1
217	406	1
217	449	1
217	476	1
217	516	1
217	911	1
217	1292	-1
217	1921	1
217	2041	1
218	252	1
218	803	1
218	994	1
218	1257	1
218	1443	1
218	2336	1
218	3783	-1
219	802	1
219	1478	1
219	1711	1
219	1789	1
219	2686	1
219	3331	1
220	249	1
220	304	1
220	967	1
221	249	1
222	373	1
222	896	1
222	1586	1
222	1890	1
222	2336	-1
222	2418	1
222	3380	1
222	3770	1
223	251	1
223	268	1
223	624	1
223	910	1
223	1997	1
224	234	1
224	354	1
224	535	1
224	735	1
224	3731	1
225	260	1
225	263	1
225	403	1
225	442	1
225	493	1
225	494	1
225	1619	1
225	3592	-1
226	299	1
226	581	1
226	613	1
226	615	1
226	700	-1
226	720	1
226	920	1
226	1004	1
226	1273	1
226	1647	1
226	1654	1
226	1655	1
226	3698	-1
227	1833	1
227	1883	1
227	3483	1
227	3559	1
227	3783	-1
228	509	1
228	816	1
228	3513	1
228	3783	-1
229	599	1
229	702	1
229	751	1
229	825	1
229	1061	1
229	2253	1
229	3704	1
230	378	1
231	514	1
231	854	1
231	1133	1
231	1695	1
232	274	1
232	277	1
232	485	1
232	798	1
232	1610	1
232	3744	1
233	3428	-1
234	402	1
235	249	1
235	1691	1
236	256	1
236	273	1
236	365	1
236	529	1
236	922	1
236	934	1
236	1214	1
236	1224	1
236	1973	1
236	2532	1
237	296	1
237	437	1
237	563	1
237	913	1
237	1219	1
237	3769	-1
238	355	1
238	570	1
238	714	1
238	1624	1
239	448	1
239	571	1
239	665	1
239	667	1
239	1110	1
239	3515	-1
240	408	1
240	3743	1
241	602	1
241	707	1
241	824	1
241	895	1
241	1353	1
241	1822	1
241	1880	1
241	2400	1
242	451	1
242	3693	1
243	890	-1
244	373	1
244	564	1
244	599	1
244	1059	1
244	1060	1
244	1380	1
244	1830	1
244	2318	-1
244	2329	1
244	3763	-1
245	376	1
245	1186	1
245	1368	1
245	1889	1
245	1890	1
245	3337	1
245	3676	-1
245	3738	-1
245	3739	-1
245	3741	-1
245	3779	-1
246	307	1
246	330	1
246	418	1
246	1858	1
246	3428	1
247	430	-1
247	1067	1
247	1575	1
247	1864	1
247	3230	1
248	309	1
248	1336	-1
249	389	1
249	402	1
249	656	-1
249	744	1
249	1368	1
249	1588	1
249	3420	1
249	3783	-1
250	715	1
251	354	1
251	381	1
251	544	1
252	343	1
252	382	1
252	720	1
252	1088	1
252	1715	1
252	1930	1
252	3697	1
252	3731	1
252	3743	-1
252	3783	-1
253	543	1
253	2729	1
253	2736	1
253	3736	-1
254	339	1
254	2009	1
254	3677	1
255	386	1
255	409	1
255	681	1
255	777	1
255	798	1
255	859	1
255	869	1
255	1282	1
255	1477	1
255	1685	1
255	1727	1
255	1740	1
255	3554	1
255	3782	1
256	346	1
256	479	1
256	485	1
256	672	1
256	943	1
256	947	1
256	1739	1
256	1970	1
256	2790	1
256	2792	1
256	3462	1
256	3771	-1
256	3782	1
257	380	1
257	389	1
258	358	1
258	639	1
258	1921	1
258	3577	-1
259	479	1
259	614	1
259	1149	1
259	1317	1
259	1802	1
259	1860	1
259	3783	-1
260	285	1
260	402	1
260	530	1
260	623	1
260	780	1
260	940	1
260	3569	1
260	3783	-1
262	431	1
262	892	1
262	975	1
262	1186	1
263	355	1
264	798	-1
264	2194	1
265	393	1
266	451	1
267	443	1
267	839	1
268	491	1
268	2634	1
269	325	1
269	369	1
269	491	1
269	761	1
269	801	-1
269	3129	1
269	3594	-1
270	1932	1
270	3634	-1
272	798	-1
272	1003	1
272	2476	1
272	2647	1
272	3713	-1
272	3736	-1
272	3743	-1
272	3745	-1
272	3750	-1
272	3751	-1
272	3755	-1
272	3756	-1
272	3772	-1
272	3775	-1
272	3782	1
273	575	1
273	671	1
273	1931	1
274	422	1
275	451	1
275	679	1
275	1121	1
275	1688	1
275	3699	1
276	949	1
277	389	1
277	740	1
277	741	1
277	1142	1
277	3554	1
277	3743	-1
278	380	1
278	1038	1
278	1638	-1
278	3767	-1
278	3782	-1
279	698	1
279	1206	1
279	1595	1
280	1032	1
280	1173	1
281	302	-1
281	378	1
281	491	-1
281	3443	-1
281	3445	-1
281	3450	1
282	410	-1
282	677	1
282	919	1
282	925	1
283	322	1
284	481	1
284	626	1
284	2128	1
284	2768	1
284	3551	-1
285	301	1
285	593	1
285	3767	-1
286	411	1
286	706	1
286	3578	-1
286	3735	-1
286	3758	-1
286	3770	-1
286	3782	-1
287	424	1
287	1875	1
288	358	1
288	570	1
288	1278	1
288	1588	1
288	2336	-1
288	2347	1
288	2369	1
288	3774	1
289	830	1
289	1888	1
289	3646	-1
290	467	1
290	1191	1
291	1900	1
291	2344	1
292	309	1
292	432	1
292	462	1
292	894	1
292	1526	1
292	2336	-1
292	2405	1
293	775	1
294	3465	-1
295	497	1
295	839	1
295	1517	1
297	1221	1
297	1603	1
298	324	1
298	339	1
298	568	1
298	655	1
298	887	1
299	327	1
299	614	1
299	1241	1
300	542	1
300	630	1
300	3743	-1
301	945	1
301	1365	1
301	3783	-1
302	403	1
302	498	-1
302	824	-1
303	403	1
303	622	1
303	678	1
303	3465	-1
304	346	1
304	389	1
304	392	1
304	518	1
304	681	1
304	2799	1
304	3782	1
305	346	1
305	370	1
305	587	1
306	452	1
307	348	1
307	557	1
308	1357	1
309	416	1
309	759	1
309	1885	1
309	3254	1
310	649	1
310	707	1
310	3570	1
310	3614	1
311	389	1
311	610	1
311	1089	1
311	1615	1
312	715	1
312	784	1
312	967	1
312	3783	-1
313	408	1
313	563	1
313	929	1
313	1249	1
314	355	1
314	451	1
314	481	1
314	516	1
314	668	1
314	3743	-1
315	453	1
315	883	1
315	2271	1
316	693	1
316	3771	-1
316	3782	1
317	360	1
317	915	1
317	1276	1
318	656	1
318	3783	-1
319	3589	1
319	3590	1
320	435	1
320	2833	1
321	528	1
321	2380	1
321	3577	1
321	3682	1
321	3739	1
322	2013	1
323	720	1
323	1015	1
323	1241	1
323	2581	1
323	3465	-1
324	612	1
324	616	1
324	658	1
324	1102	1
324	2583	1
324	3748	-1
326	342	1
326	909	1
327	328	1
327	344	1
327	1638	1
327	3520	1
327	3552	1
327	3783	-1
328	342	1
328	408	1
328	472	1
328	911	1
328	1101	1
328	1450	1
328	3465	-1
329	393	1
329	517	1
329	689	1
329	743	1
329	3783	-1
330	1170	1
330	1496	1
330	2054	1
330	2410	1
330	3688	-1
330	3734	-1
330	3779	-1
330	3783	-1
331	1029	1
331	1526	1
331	3708	1
332	428	1
332	697	1
332	700	1
332	951	1
332	3516	-1
333	373	1
333	643	1
333	3783	-1
335	1016	1
335	3704	-1
336	980	1
336	1577	1
339	535	1
339	916	1
340	537	1
340	608	1
340	664	1
340	921	1
340	1001	1
340	1625	1
341	1938	1
342	447	1
342	920	1
343	720	1
343	918	1
344	677	1
345	463	1
346	3744	1
347	409	1
347	939	1
347	1458	1
348	626	1
348	694	1
348	787	1
348	1707	1
348	2407	1
350	696	1
350	1022	1
350	1321	1
350	1740	1
350	1941	1
350	3576	1
351	432	1
351	1594	1
351	1893	1
351	1924	1
351	3739	1
352	1895	1
353	443	1
353	472	1
353	996	1
353	1102	1
353	1212	1
353	3465	-1
354	3743	-1
355	473	1
356	539	1
356	1101	1
356	3551	1
356	3743	1
357	474	1
357	478	1
357	661	1
357	1472	1
357	3465	-1
357	3782	1
358	498	-1
358	2336	1
358	3782	-1
358	3783	-1
359	3677	1
360	1038	1
360	1139	1
360	2189	1
360	3567	-1
360	3783	-1
361	371	1
362	708	1
362	961	1
362	1181	1
362	1830	1
362	2192	-1
363	432	1
364	698	1
365	408	1
365	541	1
365	612	1
365	717	1
366	403	1
366	613	1
367	1638	1
367	3766	-1
368	382	1
368	863	1
368	1243	1
369	949	1
369	3783	-1
371	622	1
371	798	1
371	1173	1
371	1272	1
371	1536	1
373	395	1
373	1349	1
373	3517	-1
374	824	1
374	2336	-1
375	603	1
375	604	1
375	3399	1
375	3424	1
376	398	1
376	464	1
376	2409	1
376	3128	1
376	3739	1
379	1230	1
380	676	1
381	392	1
381	491	1
382	422	1
382	424	1
382	654	1
382	918	1
382	1002	1
382	1004	1
382	3768	-1
383	617	1
383	715	1
383	3465	-1
383	3743	1
384	679	1
384	866	1
384	1688	1
385	1691	1
385	3743	1
385	3749	-1
386	732	1
386	3743	-1
388	491	1
389	491	1
389	630	1
389	1077	1
389	2123	1
389	2219	1
389	2998	1
391	452	1
392	491	1
393	3512	-1
393	3589	-1
393	3744	1
395	1166	1
395	2310	1
397	702	1
397	707	1
397	1060	1
397	1156	1
397	1196	1
397	1877	1
398	416	1
398	720	1
398	899	1
398	1379	1
398	3359	1
400	498	1
400	2336	-1
401	715	1
402	483	1
402	744	1
402	991	1
402	1115	1
403	406	1
403	511	1
403	851	1
403	939	1
403	1159	-1
403	1695	1
404	424	1
404	620	1
404	661	1
404	1628	1
404	1956	1
404	2506	1
404	2648	1
405	444	1
405	507	1
405	531	1
405	569	1
406	3465	-1
408	467	1
408	542	1
408	619	1
408	622	1
408	3743	1
409	3782	1
410	633	1
411	2956	1
411	3767	1
412	716	-1
412	975	1
412	1307	1
412	1853	1
412	3337	1
412	3729	1
413	572	1
413	890	1
413	1155	1
413	1857	1
415	545	1
416	490	1
417	520	1
417	754	-1
417	901	1
417	1582	1
417	3770	-1
419	531	1
419	606	1
419	655	1
419	774	1
422	467	1
422	507	1
423	1659	1
424	638	1
424	645	-1
425	3749	-1
427	462	1
427	1509	1
428	3779	-1
430	3688	-1
430	3774	1
431	493	-1
431	610	1
431	3577	-1
432	3254	1
433	890	1
433	3254	1
433	3720	-1
434	435	1
434	460	1
435	627	1
435	1190	1
435	1825	1
435	1855	1
436	768	1
436	937	1
436	3616	-1
437	472	1
438	3464	-1
439	994	1
439	1044	1
439	1402	1
440	514	1
441	514	1
442	1106	1
442	1630	1
442	3581	-1
442	3690	-1
443	491	1
443	824	-1
443	3566	-1
443	3743	-1
444	508	1
444	563	1
444	784	1
444	851	1
444	1014	1
444	1683	1
444	3172	-1
444	3703	-1
445	3743	1
446	768	1
447	732	1
447	1120	1
447	3465	-1
449	670	1
449	3766	-1
451	598	1
451	695	1
451	3465	1
452	689	1
452	1328	1
452	3744	1
453	876	1
454	754	1
454	3731	-1
455	636	1
455	690	1
455	3465	1
456	1154	1
456	1826	1
457	3133	1
458	3774	1
459	617	1
460	512	1
460	769	1
460	1544	1
462	1379	1
463	585	1
463	666	1
466	654	1
466	658	1
467	701	-1
468	3731	1
469	906	-1
469	2336	-1
472	1235	1
473	986	1
473	999	1
474	475	1
474	745	1
474	3782	-1
476	1111	1
476	1660	1
477	577	1
477	608	1
478	858	1
478	988	1
478	1675	1
478	3465	-1
480	1117	1
480	3712	-1
482	3568	1
482	3782	1
484	1059	1
484	1322	-1
484	1568	1
485	3510	-1
486	635	1
487	798	1
487	3691	1
488	491	1
488	597	1
488	705	1
490	1507	1
491	520	1
491	824	-1
491	839	1
491	1039	1
491	1147	-1
491	1221	1
491	1321	1
491	1351	1
491	1514	1
491	1622	1
491	1752	1
491	2233	1
491	3594	1
491	3731	1
491	3759	1
491	3781	-1
491	3782	-1
491	3783	-1
493	525	1
494	557	1
496	3737	-1
498	708	-1
498	3563	-1
498	3739	-1
501	3554	1
502	716	1
502	3731	1
505	669	1
505	993	1
505	1432	1
505	3603	1
505	3782	1
507	609	1
507	3465	-1
508	3768	-1
509	1157	1
511	568	1
513	798	1
514	1224	1
514	2045	1
515	619	1
516	547	1
516	3465	-1
517	3782	-1
518	1859	-1
519	946	1
522	883	1
522	1337	1
522	3465	1
523	1341	1
526	1826	-1
526	3216	1
529	747	1
529	1154	1
529	1210	1
530	650	1
531	774	1
531	1633	1
532	2665	1
534	3761	-1
536	538	1
536	668	1
536	992	1
536	1237	1
536	3465	-1
536	3775	-1
540	863	1
541	732	1
541	1122	1
541	1262	1
541	1627	1
541	1638	1
541	3698	-1
542	1638	1
542	3736	-1
544	563	1
544	926	-1
544	3726	-1
546	3782	1
547	585	1
547	777	1
548	3782	1
549	3782	1
550	553	1
550	2910	1
553	693	1
553	1321	1
553	2231	1
553	3782	-1
555	762	-1
563	773	1
563	3729	1
564	748	-1
564	3731	1
566	911	1
568	657	1
573	1001	1
574	669	1
574	725	1
574	3743	1
575	616	1
576	3729	1
576	3743	1
577	3755	-1
578	2027	1
580	865	1
582	1691	1
583	628	1
585	798	1
585	1859	1
585	3589	1
585	3779	-1
585	3783	-1
586	592	1
587	614	1
587	3782	-1
588	798	1
588	1161	1
591	3707	-1
593	1762	1
593	3576	-1
597	1851	1
598	3465	1
603	3700	1
603	3731	-1
604	1202	1
607	769	1
608	921	1
610	2009	1
611	915	1
611	1104	1
612	676	1
612	1638	1
612	1669	1
613	876	1
614	707	1
614	941	-1
614	1108	1
614	2068	1
614	3750	-1
614	3755	-1
615	718	1
616	671	1
616	1008	1
617	620	1
619	1120	1
619	3740	-1
620	1117	1
620	3775	-1
622	939	1
622	1018	1
623	798	1
623	3743	1
625	1469	1
627	3728	-1
629	657	1
629	940	1
629	3743	-1
632	1485	1
635	941	1
637	759	1
639	687	1
639	798	1
639	3772	-1
641	762	-1
641	958	1
641	973	1
641	1224	1
641	2341	1
641	3254	1
643	3465	1
645	754	1
645	1060	1
645	1838	1
645	3160	1
647	2425	1
647	3682	-1
647	3701	-1
647	3702	-1
647	3711	-1
647	3724	-1
649	650	1
650	3686	1
650	3737	1
651	984	1
651	1596	1
651	2423	1
654	716	1
654	1918	1
656	812	1
656	813	1
656	937	1
656	1161	1
656	3708	-1
661	1007	1
663	1241	1
668	926	1
668	3552	1
670	3743	1
673	875	1
674	3743	1
675	3743	1
676	925	1
677	1008	1
678	2050	1
678	3506	1
680	1472	1
680	3465	-1
680	3743	1
681	3743	-1
682	939	1
682	1701	1
682	2722	1
683	798	1
684	3636	1
686	798	-1
687	3744	1
687	3756	1
687	3772	-1
688	3773	-1
689	801	1
689	3465	-1
691	798	1
693	694	1
694	3767	-1
695	803	1
700	800	1
700	1527	1
701	1556	1
702	707	1
703	3519	1
703	3691	1
705	1182	1
706	765	1
708	3472	-1
708	3561	-1
708	3666	-1
708	3667	-1
708	3668	-1
708	3671	-1
708	3673	-1
708	3674	-1
708	3675	-1
710	769	1
715	1921	1
715	3731	1
716	913	1
716	1089	1
718	1931	1
720	3725	-1
726	3743	1
729	3458	-1
730	1018	1
738	946	1
740	3782	-1
741	876	1
749	813	1
752	937	1
754	812	1
754	3465	1
757	1187	1
759	1871	1
759	3776	-1
761	824	1
762	2100	1
768	926	1
768	1349	1
772	1000	1
775	3628	-1
777	3465	-1
778	2011	1
783	3743	1
784	1451	1
784	3743	1
785	1159	-1
785	1249	1
791	3574	-1
791	3575	-1
791	3588	-1
791	3699	-1
791	3743	-1
791	3750	-1
792	1159	-1
792	1638	1
792	3632	-1
798	857	1
798	874	1
798	946	1
798	949	-1
798	951	1
798	1140	1
798	1144	1
798	1147	1
798	1148	1
798	1297	1
798	1304	1
798	1491	1
798	1498	1
798	1505	1
798	1753	1
798	1754	1
798	1769	1
798	2183	1
798	2207	1
798	2844	1
801	954	1
801	2230	1
801	3783	-1
804	1020	1
807	3732	1
813	3774	1
813	3779	-1
815	885	1
815	1191	1
815	3238	1
815	3760	-1
822	1580	1
824	958	-1
824	1570	1
824	2828	-1
824	3240	1
824	3323	1
824	3376	1
824	3558	1
824	3731	-1
830	2336	1
832	2420	1
838	3514	-1
844	851	1
848	997	1
849	3743	1
850	1960	1
851	3782	1
853	3743	1
854	3782	-1
862	3743	1
863	1124	1
863	1159	-1
863	2068	1
865	1124	1
866	1656	1
871	942	1
876	1340	1
876	1776	1
876	3655	-1
876	3732	1
886	3774	1
888	1886	1
890	1032	1
892	3554	-1
902	2336	1
902	3565	-1
905	2336	1
906	3505	-1
907	2336	1
927	3743	1
933	3758	-1
937	1129	1
937	1342	1
937	1352	1
937	3691	1
937	3773	-1
938	3729	1
939	3782	1
941	2948	1
941	3741	1
944	3744	1
946	1741	1
946	1746	1
967	3760	-1
972	1194	1
973	1159	-1
979	3729	-1
980	3691	-1
988	3775	-1
992	1098	1
994	1251	1
994	1261	1
994	3465	-1
995	1210	-1
1006	3743	1
1008	3779	1
1020	3762	-1
1022	3782	1
1024	3754	-1
1026	3567	1
1036	3694	-1
1038	3465	1
1038	3637	-1
1039	3782	1
1045	3774	1
1052	1062	1
1072	2336	1
1074	3445	1
1105	3743	1
1114	3743	1
1116	3743	1
1118	3743	1
1119	3743	1
1128	3782	1
1134	3579	-1
1134	3741	-1
1134	3759	-1
1134	3782	-1
1140	3782	1
1153	3590	-1
1153	3779	1
1158	3782	-1
1159	3454	-1
1159	3707	-1
1159	3783	-1
1171	3774	-1
1176	3178	1
1187	3720	-1
1192	1878	1
1205	2336	1
1221	3731	1
1221	3782	-1
1227	3580	-1
1227	3731	1
1235	1701	1
1235	3465	-1
1237	3743	1
1243	3687	-1
1249	3677	1
1249	3743	-1
1260	3743	1
1264	3782	1
1292	2139	-1
1320	1760	1
1328	3465	-1
1332	2248	1
1349	2292	1
1366	3133	1
1380	3525	-1
1384	1691	1
1386	3572	1
1388	2336	1
1388	3501	-1
1393	2336	1
1400	3731	1
1401	2527	1
1401	3465	-1
1437	3743	1
1438	3743	1
1444	3743	1
1449	3782	1
1456	3782	-1
1462	3729	1
1471	3782	1
1475	3782	1
1479	3782	1
1518	3765	-1
1522	3685	-1
1522	3716	-1
1524	3769	-1
1568	3774	-1
1568	3776	-1
1581	3599	-1
1611	3465	-1
1611	3729	1
1625	3731	1
1629	3550	1
1633	3506	1
1638	2655	-1
1646	3771	-1
1654	3725	-1
1655	3454	1
1661	3743	1
1665	3743	1
1683	3703	-1
1691	3753	-1
1691	3774	-1
1691	3779	-1
1691	3780	-1
1691	3781	-1
1691	3783	-1
1694	3630	-1
1697	3743	1
1709	3782	1
1740	3568	1
1760	3745	-1
1769	3732	1
1778	3595	-1
1789	3465	1
1790	3465	1
1811	3079	-1
1811	3774	1
1820	2336	1
1830	3733	-1
1914	3506	1
1918	3731	1
1930	3748	-1
1935	3748	-1
2008	3749	1
2048	3740	-1
2067	2555	1
2067	3629	-1
2081	2090	1
2101	3631	-1
2112	3782	1
2155	3523	-1
2231	3744	-1
2244	3718	-1
2244	3779	-1
2280	3465	1
2293	3369	1
2331	3731	-1
2336	2380	-1
2336	3286	-1
2336	3362	1
2336	3377	1
2336	3428	1
2336	3432	1
2336	3436	1
2336	3501	1
2336	3543	-1
2336	3564	-1
2336	3577	-1
2336	3723	-1
2336	3739	-1
2336	3783	-1
2369	3770	1
2380	3728	-1
2391	3569	-1
2396	3483	-1
2396	3623	-1
2440	3731	1
2487	3768	-1
2662	3743	1
2787	3582	-1
2866	3621	-1
3002	3773	-1
3097	3568	-1
3180	3506	-1
3270	3615	-1
3462	3465	-1
3463	3743	-1
3465	3552	-1
3465	3584	-1
3465	3606	-1
3465	3609	-1
3465	3661	-1
3465	3679	-1
3465	3688	-1
3465	3709	-1
3465	3717	-1
3465	3730	-1
3465	3735	-1
3465	3744	-1
3465	3760	-1
3465	3763	-1
3465	3765	-1
3465	3767	-1
3465	3769	-1
3465	3773	-1
3465	3774	-1
3465	3779	-1
3472	3774	1
3473	3644	-1
3483	3623	-1
3507	3577	-1
3514	3739	1
3542	3681	-1
3551	3743	-1
3553	3743	-1
3555	3576	-1
3573	3755	-1
3576	3683	-1
3577	3731	-1
3581	3690	-1
3603	3782	-1
3607	3708	-1
3640	3774	-1
3645	3737	-1
3683	3744	1
3693	3783	-1
3696	3732	-1
3697	3759	-1
3697	3782	-1
3700	3731	1
3715	3732	-1
3729	3731	1
3732	3744	-1
3732	3782	-1
3735	3774	-1
3743	3749	1
3743	3775	-1
3774	3783	-1
3777	3782	-1
3782	3783	-1
