1	3	1
1	5	1
1	6	1
1	7	1
1	9	1
1	10	1
1	12	1
1	14	1
1	15	1
1	16	1
1	17	1
1	18	1
1	22	1
1	24	1
1	26	1
1	30	1
1	41	1
1	44	1
1	45	-1
1	49	1
1	52	1
1	56	1
1	57	1
1	58	1
1	60	1
1	61	1
1	73	1
1	76	1
1	81	1
1	82	1
1	83	1
1	84	1
1	86	1
1	90	1
1	96	1
1	101	1
1	102	1
1	104	1
1	107	1
1	108	1
1	121	1
1	133	1
1	139	1
1	140	1
1	181	1
1	206	1
1	212	1
1	221	1
1	227	1
1	231	1
1	257	1
1	269	1
1	273	1
1	281	1
1	291	1
1	311	1
1	317	1
1	345	1
1	357	1
1	360	1
1	377	1
1	382	1
1	403	1
1	445	1
1	466	1
1	472	1
1	539	1
1	590	1
1	607	1
1	733	1
1	739	1
1	821	1
1	852	1
1	1322	1
1	1704	1
1	2000	1
1	5325	1
1	5534	1
2	3	1
2	6	1
2	7	1
2	10	1
2	30	1
2	39	1
2	45	1
2	57	1
2	82	1
2	96	1
2	105	1
2	112	1
2	118	1
2	128	1
2	129	1
2	140	1
2	160	1
2	164	1
2	206	1
2	362	1
2	611	1
2	614	1
2	618	1
2	718	1
2	739	1
2	1322	1
3	7	1
3	10	1
3	14	1
3	17	1
3	46	1
3	179	1
3	230	1
3	1180	-1
4	11	1
4	31	1
4	265	1
4	386	1
4	453	1
4	483	1
4	498	1
4	501	1
4	552	1
4	1161	1
4	1325	1
4	1345	1
4	1355	1
4	1523	1
4	1572	1
4	1611	1
4	2126	1
4	2151	1
4	2296	1
4	3373	1
4	3624	1
5	6	1
5	7	1
6	7	1
6	10	1
6	24	1
6	57	1
6	112	1
6	135	1
6	160	1
6	181	1
6	345	1
6	482	1
7	14	1
7	15	1
7	16	1
7	17	1
7	18	1
7	21	1
7	22	1
7	26	1
7	30	1
7	35	1
7	41	1
7	43	1
7	45	1
7	53	1
7	55	1
7	56	1
7	58	1
7	60	1
7	73	1
7	80	1
7	81	1
7	82	1
7	85	1
7	88	1
7	90	1
7	91	1
7	92	1
7	98	1
7	104	1
7	105	1
7	106	1
7	107	1
7	114	1
7	115	1
7	118	1
7	121	1
7	123	1
7	128	1
7	133	1
7	137	1
7	150	1
7	155	1
7	165	1
7	168	1
7	171	1
7	172	1
7	174	1
7	181	1
7	184	1
7	193	1
7	196	1
7	201	1
7	204	1
7	215	1
7	221	1
7	227	1
7	230	1
7	233	1
7	244	1
7	255	1
7	257	1
7	291	1
7	306	1
7	319	1
7	339	1
7	347	1
7	354	1
7	366	1
7	379	1
7	441	1
7	445	1
7	450	1
7	508	1
7	512	1
7	544	1
7	599	1
7	603	1
7	610	1
7	685	1
7	752	1
7	852	1
7	2000	1
7	2050	1
8	10	1
8	17	1
10	17	1
11	19	1
11	31	1
11	99	1
11	303	1
11	314	1
11	322	1
11	386	1
11	453	1
11	454	1
11	483	1
11	501	1
11	507	1
11	552	1
11	595	1
11	670	1
11	842	1
11	865	1
11	1004	1
11	1013	1
11	1164	1
11	1182	1
11	1205	1
11	1241	-1
11	1277	1
11	1294	1
11	1325	1
11	1353	1
11	1370	1
11	1513	1
11	1542	1
11	1586	1
11	1611	1
11	1632	1
11	1699	1
11	1709	1
11	1712	1
11	1743	1
11	1749	1
11	1770	1
11	1787	1
11	1815	1
11	1841	1
11	1845	1
11	1854	1
11	1877	1
11	1892	1
11	1945	1
11	1946	1
11	1952	1
11	1960	1
11	1982	-1
11	1999	1
11	2017	1
11	2025	1
11	2076	1
11	2126	1
11	2129	1
11	2147	1
11	2151	1
11	2167	1
11	2262	1
11	2343	1
11	2501	1
11	2503	1
11	2535	1
11	2588	1
11	2603	1
11	2779	1
11	2783	1
11	2902	1
11	3118	1
11	3151	1
11	3251	1
11	3333	1
11	3373	1
11	3381	1
11	3392	1
11	3550	1
11	3567	1
11	3574	1
11	3644	1
11	3911	1
11	4045	1
11	4154	1
11	4445	1
11	4519	1
11	5794	1
12	57	1
12	67	1
12	200	1
12	416	1
14	16	1
14	18	1
14	30	1
14	61	1
14	215	1
14	379	1
14	3709	1
15	18	1
15	46	1
15	286	1
15	627	1
15	695	1
16	18	1
16	44	1
16	57	1
16	196	1
17	30	1
17	43	1
17	57	1
17	86	1
17	96	1
17	196	1
17	269	1
17	428	1
18	24	1
18	50	1
18	57	1
18	76	1
18	84	1
18	85	1
18	192	1
18	646	1
18	1180	1
19	42	1
19	99	-1
19	265	1
19	270	-1
19	303	1
19	314	1
19	322	-1
19	324	1
19	386	-1
19	500	1
19	842	-1
19	1161	1
19	1294	-1
19	1353	1
19	1445	1
19	1486	1
19	1499	1
19	1522	1
19	1542	1
19	1572	1
19	1586	1
19	1595	-1
19	1686	1
19	1701	1
19	1743	1
19	1765	-1
19	1784	1
19	1922	1
19	1982	1
19	2021	-1
19	2111	-1
19	2118	1
19	2127	1
19	2147	1
19	2205	1
19	2280	1
19	2296	1
19	2339	1
19	2708	1
19	2885	1
19	2902	1
19	3267	1
19	3357	1
19	3471	1
19	3567	1
19	3574	1
19	3671	1
19	3752	1
19	3760	1
19	3839	1
19	3904	1
19	4278	-1
19	4280	-1
19	4503	1
20	740	1
20	1818	1
20	1940	1
20	2081	1
20	2083	1
21	57	1
21	84	1
21	96	1
21	200	1
21	2564	1
22	43	1
22	45	1
22	90	1
22	160	1
22	168	1
22	174	1
22	181	1
22	212	1
22	217	1
22	231	1
22	235	1
22	308	1
22	1322	1
25	36	1
25	1012	1
25	1522	1
25	1595	1
25	1765	1
25	1805	1
25	1999	1
25	2885	1
25	3379	1
25	3574	1
25	3729	1
25	3752	1
25	4093	1
25	4522	1
25	5472	1
25	5798	1
25	5859	1
27	47	1
27	905	1
27	1096	1
27	1265	1
27	1320	1
27	1392	1
27	1403	1
27	1408	1
27	1432	1
27	1441	1
27	1456	1
27	1481	1
27	1492	1
27	1498	1
27	1505	1
27	1510	1
27	1516	1
27	1519	1
27	1596	1
27	1646	1
27	1649	1
27	1696	1
27	1793	1
27	1883	1
27	1938	1
27	1979	1
27	1983	1
27	2062	1
27	2144	1
27	2200	1
27	2201	1
27	2286	1
27	2364	1
27	2383	1
27	2384	1
27	2404	1
27	2413	1
27	2430	1
27	2524	1
27	2541	1
27	2598	1
27	2729	1
27	2735	1
27	2778	1
27	2787	1
27	2815	1
27	2912	1
27	2916	1
27	2924	1
27	2925	1
27	2945	1
27	2976	1
27	2986	1
27	3044	1
27	3058	1
27	3062	1
27	3071	1
27	3089	1
27	3103	1
27	3108	1
27	3144	1
27	3206	1
27	3216	1
27	3256	1
27	3257	1
27	3266	1
27	3291	1
27	3311	1
27	3314	1
27	3322	1
27	3354	1
27	3363	1
27	3374	1
27	3376	1
27	3386	1
27	3421	1
27	3434	1
27	3435	1
27	3441	1
27	3442	1
27	3453	1
27	3540	1
27	3543	1
27	3557	1
27	3560	1
27	3588	1
27	3615	1
27	3617	1
27	3618	1
27	3665	1
27	3667	1
27	3679	1
27	3730	1
27	3735	1
27	3743	1
27	3759	1
27	3783	1
27	3785	1
27	3813	1
27	3829	1
27	3830	1
27	3831	1
27	3984	1
27	3986	1
27	4014	1
27	4038	1
27	4048	1
27	4138	1
27	4140	1
27	4210	1
27	4264	1
27	4351	1
27	4361	1
27	4517	1
27	4523	1
27	4582	1
27	4585	1
27	4683	1
27	4732	1
27	4736	1
27	4763	1
27	4786	1
27	4881	1
27	4928	1
27	5039	1
27	5044	1
27	5049	1
27	5258	1
27	5319	1
27	5340	1
27	5409	1
27	5441	1
27	5470	1
27	5549	1
27	5592	1
27	5594	1
27	5595	1
27	5603	1
27	5608	1
27	5642	1
27	5675	1
27	5713	1
27	5745	1
27	5755	1
27	5762	1
27	5767	1
27	5768	1
27	5780	1
27	5797	1
27	5801	1
27	5803	1
27	5809	1
27	5841	1
27	5857	1
27	5880	1
28	34	1
28	1188	1
28	1400	1
28	1700	1
28	1703	1
28	1716	1
28	1729	1
28	1786	1
28	1790	1
28	1799	1
28	1848	1
28	1997	1
29	32	1
29	57	1
29	67	1
29	181	1
29	200	1
29	262	1
29	640	1
30	32	1
30	57	1
30	81	1
30	86	1
30	106	1
30	112	1
30	129	1
30	185	1
30	200	1
30	206	1
30	269	1
31	265	1
31	498	1
31	501	1
31	689	1
31	978	1
31	1012	1
31	1013	1
31	1276	1
31	1277	1
31	1307	1
31	1355	1
31	1358	1
31	1520	1
31	1523	1
31	1542	1
31	1765	1
31	1840	1
31	1982	1
31	2017	1
31	2063	1
31	2339	1
31	2406	1
31	2588	1
31	3041	1
31	4116	1
31	4207	1
31	4275	1
31	4510	1
33	38	1
33	138	1
33	274	1
33	276	1
33	396	1
36	1012	1
36	1466	1
36	1999	1
36	2975	1
36	3379	1
36	3524	1
36	4093	1
36	4220	1
36	4428	1
36	5135	1
36	5604	1
36	5860	1
39	94	1
41	43	1
41	86	1
41	164	1
42	314	1
42	483	1
42	498	1
42	501	1
42	507	-1
42	595	1
42	865	-1
42	978	1
42	1012	1
42	1161	1
42	1205	1
42	1277	1
42	1345	1
42	1355	1
42	1361	1
42	1466	1
42	1522	1
42	1523	1
42	1611	1
42	1765	1
42	1854	1
42	1876	1
42	1999	1
42	2077	1
42	2118	1
42	2126	1
42	2167	1
42	2248	1
42	2255	1
42	2311	1
42	2348	1
42	2355	1
42	2588	1
42	2624	1
42	2804	1
42	2885	1
42	3210	1
42	3392	1
42	3524	1
42	3574	1
42	3639	1
42	3911	1
42	4093	1
42	4207	1
42	4472	1
42	4522	1
42	4560	-1
42	4742	1
42	5135	1
43	57	1
43	73	1
43	80	1
43	84	1
43	105	1
43	121	1
43	140	1
43	160	1
43	164	1
43	170	1
43	171	1
43	174	1
43	175	1
43	185	1
43	186	1
43	189	1
43	192	1
43	205	1
43	212	1
43	215	1
43	227	1
43	234	1
43	237	1
43	246	1
43	273	1
43	402	1
44	57	1
44	67	1
44	81	1
44	84	1
45	50	1
45	55	1
45	67	1
45	112	1
45	164	1
45	170	1
45	231	1
45	246	1
45	254	1
45	273	1
45	286	1
46	49	1
46	60	1
46	76	1
46	105	1
46	112	1
46	128	1
46	129	1
46	151	1
46	164	1
46	183	1
46	200	1
46	217	1
46	233	1
46	234	1
46	249	1
46	262	1
46	278	1
46	360	1
46	402	1
46	449	1
46	481	1
46	512	1
46	594	1
46	603	1
46	618	1
46	730	1
50	61	1
50	72	1
51	69	1
53	85	1
53	96	1
53	627	1
55	96	1
55	114	1
56	82	1
57	84	1
57	92	1
57	217	1
57	227	1
57	269	1
57	357	1
58	91	1
58	96	1
58	107	1
58	112	1
60	61	1
60	127	1
60	202	1
60	247	1
60	1322	1
61	67	1
61	106	1
61	112	1
65	519	1
65	1459	1
65	1764	1
67	84	1
67	231	1
69	214	1
69	376	1
69	891	1
69	900	1
69	1399	1
70	146	1
70	1611	1
70	1674	-1
70	1854	1
70	2017	1
70	2343	1
70	2885	1
70	3276	-1
70	3379	1
70	3752	1
70	3820	1
70	4280	1
70	4445	1
70	4620	1
70	5135	1
70	5429	1
70	5708	1
71	853	1
71	1124	1
73	83	1
73	96	1
73	164	1
73	741	1
74	75	1
74	191	1
76	80	1
76	82	1
76	83	1
76	85	1
76	96	1
76	112	1
76	139	1
76	151	1
76	152	1
76	257	1
76	286	1
76	317	1
76	379	1
76	460	1
76	665	1
76	672	1
76	852	1
76	1509	1
77	218	1
80	235	1
81	181	1
82	84	1
82	98	1
82	105	1
82	181	1
83	460	1
84	185	1
84	196	1
84	2962	1
85	92	1
85	96	1
85	128	1
85	165	1
85	181	1
85	205	1
85	256	1
85	278	1
85	429	1
85	640	1
85	1299	1
87	1690	1
87	3397	-1
87	3498	1
87	3565	1
87	3647	1
87	4300	1
87	4769	1
87	5402	1
87	5494	1
87	5761	1
89	93	1
92	133	1
94	112	1
96	98	1
96	101	1
96	102	1
96	107	1
96	112	1
96	114	1
96	118	1
96	121	1
96	143	1
96	160	1
96	164	1
96	174	1
96	235	1
96	450	1
98	104	1
98	351	1
98	429	1
99	154	1
99	265	1
99	270	1
99	303	-1
99	314	1
99	322	1
99	356	-1
99	386	1
99	498	1
99	689	1
99	1012	1
99	1161	1
99	1277	1
99	1307	1
99	1345	1
99	1355	1
99	1411	1
99	1522	1
99	1542	1
99	1765	1
99	1770	1
99	1845	1
99	1854	1
99	1892	-1
99	2021	1
99	2111	-1
99	2129	1
99	2184	1
99	2248	1
99	2473	1
99	2886	1
99	3094	1
99	3373	-1
99	3471	-1
99	3574	1
99	3911	1
99	4197	1
99	4207	1
99	4220	1
99	4495	1
99	5550	1
99	5604	-1
99	5842	1
102	164	1
104	148	1
104	164	1
104	204	1
104	217	1
104	246	1
104	445	1
105	106	1
105	165	1
106	107	1
106	115	1
106	135	1
106	145	1
106	4508	1
107	115	1
107	123	1
107	140	1
107	143	1
107	160	1
107	164	1
107	186	1
107	234	1
107	244	1
107	354	1
107	362	1
107	369	1
107	429	1
107	445	1
107	487	1
107	592	1
107	613	1
107	627	1
107	640	1
107	657	1
107	765	1
107	780	1
109	3741	1
109	3845	1
110	141	1
111	144	1
111	349	1
111	370	1
112	113	1
112	129	1
112	135	1
112	171	1
112	179	1
112	227	1
112	429	1
112	821	1
112	1322	1
113	160	1
113	481	1
113	695	1
114	128	1
114	493	1
115	164	1
115	217	1
117	2141	1
118	128	1
120	128	1
120	164	1
121	234	1
121	237	1
121	249	1
121	441	1
121	566	1
121	592	1
121	1322	1
122	413	1
123	139	1
125	126	1
125	279	1
125	388	1
126	439	1
126	1302	1
128	168	1
128	217	1
128	365	1
128	493	1
129	173	1
129	185	1
129	206	1
129	1322	1
131	3537	1
133	160	1
133	183	1
133	186	1
133	196	1
133	286	1
133	345	1
133	366	1
133	369	1
133	482	1
133	590	1
133	592	1
133	614	1
133	954	1
136	1656	1
138	182	1
139	607	1
139	685	1
140	143	1
140	345	1
140	360	1
140	476	1
140	1009	1
140	1322	1
140	3709	1
142	406	1
142	2357	1
143	145	1
145	148	1
146	496	1
146	865	1
146	1277	1
146	1294	1
146	1577	1
146	1593	1
146	1688	1
146	1719	1
146	1815	1
146	1982	1
146	1988	1
147	161	1
148	230	1
148	450	1
153	1251	1
154	498	1
154	1278	1
154	1294	1
154	1355	1
154	1572	1
154	1765	1
154	1999	1
154	2021	1
154	3842	1
154	3911	1
154	4280	1
156	163	1
159	209	1
160	168	1
160	186	1
160	244	1
160	246	1
160	249	1
160	291	1
160	347	1
160	348	1
160	360	1
160	366	1
160	382	1
160	460	1
160	481	1
161	3558	1
162	491	1
162	494	1
162	583	1
163	371	1
164	168	1
164	173	1
164	174	1
164	176	1
164	181	1
164	196	1
164	201	1
164	212	1
164	217	1
164	232	1
164	247	1
164	249	1
164	262	1
164	282	1
164	308	1
164	317	1
164	319	1
164	408	1
164	441	1
164	449	1
164	594	1
164	610	1
164	657	1
164	739	1
164	752	1
165	339	1
165	354	1
165	360	1
165	954	1
166	285	1
166	1246	1
166	1252	1
166	1434	1
166	1468	1
166	2509	1
168	183	1
168	194	1
168	217	1
168	234	1
169	223	1
171	174	1
171	594	1
171	780	1
176	456	1
177	865	-1
177	978	1
177	1277	1
177	1522	1
177	1523	1
177	1645	1
177	1787	1
177	1982	-1
177	2008	1
177	2017	1
177	2021	1
177	2078	1
177	2131	1
177	2140	1
177	2288	1
177	2588	1
177	3033	1
177	3581	1
177	3624	1
177	3752	1
177	4116	1
177	4374	1
177	4742	1
178	612	1
178	647	1
178	806	1
180	218	1
181	200	1
181	351	1
183	230	1
183	233	1
183	273	1
184	227	1
184	237	1
184	256	1
184	589	1
184	885	1
185	1322	1
187	1029	1
187	1327	1
188	234	1
188	357	1
188	685	1
189	254	1
189	286	1
189	445	1
189	607	1
190	218	1
190	258	1
191	944	1
191	3241	1
191	3270	1
191	3310	1
191	3334	1
191	3596	1
191	3638	1
191	3999	1
191	4165	1
191	4869	1
191	5759	1
192	202	1
194	227	1
195	218	1
196	567	1
199	702	1
199	1262	1
200	311	1
200	2050	1
202	1322	1
203	2719	1
204	351	1
204	604	1
204	640	1
205	206	1
206	212	1
207	2251	1
209	344	1
210	284	1
210	310	1
210	328	1
210	332	1
210	724	1
210	732	1
210	734	1
210	768	1
210	1435	1
211	218	1
215	257	1
217	256	1
217	282	1
217	363	1
217	366	1
217	476	1
217	482	1
217	589	1
217	590	1
217	594	1
218	236	1
218	238	1
218	240	1
218	258	1
218	275	1
218	289	1
218	292	1
218	295	1
218	296	1
218	297	1
218	298	1
218	302	1
218	304	1
218	312	1
218	321	1
218	325	1
218	330	1
218	337	1
218	367	1
218	374	1
218	375	1
218	381	1
218	383	1
218	387	1
218	480	1
219	220	1
222	536	1
222	615	1
222	911	1
223	491	1
224	1179	1
226	1237	1
227	311	1
227	318	1
227	613	1
227	614	1
227	634	1
229	261	1
229	344	1
231	348	1
231	357	1
231	382	1
231	482	1
231	594	1
231	641	1
233	590	1
233	665	1
234	463	1
234	542	1
234	592	1
234	730	1
235	282	1
237	377	1
239	358	1
239	697	1
241	511	1
241	865	1
241	1013	1
241	1054	1
241	1431	1
241	1448	1
241	1522	1
241	1805	-1
241	2588	1
241	2939	1
241	2975	1
241	3276	1
241	3839	1
241	4414	1
241	4428	1
241	4466	1
241	4749	1
241	5083	1
241	5163	1
241	5167	1
243	266	1
243	267	1
243	271	1
244	256	1
244	357	1
244	379	1
245	868	1
245	1052	1
249	268	1
254	257	1
256	429	1
256	463	1
256	590	1
256	627	1
256	685	1
256	730	1
256	821	1
259	373	1
259	492	1
259	573	1
259	577	1
259	877	1
261	490	1
262	398	1
265	303	1
265	324	1
265	426	1
265	453	1
265	507	1
265	595	1
265	689	1
265	842	1
265	865	1
265	889	1
265	1276	1
265	1277	1
265	1345	1
265	1355	1
265	1445	1
265	1541	1
265	1569	1
265	1595	1
265	1611	1
265	1625	1
265	1641	1
265	1644	1
265	1709	1
265	1719	1
265	1749	1
265	1757	1
265	1765	1
265	1774	1
265	1805	1
265	1815	1
265	1860	1
265	1894	1
265	1999	1
265	2051	1
265	2078	1
265	2088	1
265	2129	1
265	2151	1
265	2167	1
265	2184	1
265	2202	1
265	2219	1
265	2248	1
265	2258	1
265	2270	1
265	2588	1
265	2902	1
265	3380	1
265	4432	1
269	365	1
269	590	1
270	386	1
270	407	1
270	498	1
270	670	1
270	842	1
270	865	1
270	1145	-1
270	1161	1
270	1294	1
270	1345	1
270	1355	1
270	1445	1
270	1572	1
270	1577	1
270	1630	-1
270	1894	1
270	1982	1
277	437	1
278	611	1
280	650	1
280	690	1
282	306	1
283	290	1
283	340	1
283	440	1
283	1809	1
285	750	1
286	613	1
286	614	1
292	469	1
293	2954	1
293	3070	1
300	344	1
301	877	1
303	670	1
303	842	1
303	1054	1
303	1522	1
303	1686	1
303	1787	1
306	402	1
307	327	1
307	335	1
307	359	1
307	419	1
307	587	1
307	616	1
307	798	1
307	891	1
307	900	1
307	1081	1
307	1367	1
307	1375	1
308	311	1
308	354	1
308	366	1
309	344	1
311	450	1
311	508	1
311	549	1
311	590	1
311	611	1
311	739	1
314	386	1
314	454	1
314	496	1
314	507	1
314	624	1
314	689	1
314	865	1
314	897	1
314	1277	1
314	1325	1
314	1345	1
314	1370	1
314	1520	1
314	1522	1
314	1523	1
314	1542	1
314	1757	1
314	1765	1
314	1982	1
314	1999	1
314	2129	1
314	2151	1
314	2255	1
314	2296	1
314	2339	1
314	2348	1
314	2588	1
314	3392	1
314	3504	1
314	3744	1
314	3911	1
314	4093	1
314	4207	1
314	4276	1
314	4445	1
314	4467	1
314	4474	1
314	4516	1
318	441	1
320	1345	1
320	1522	1
320	1523	1
320	1688	1
320	1994	1
320	2147	1
320	3567	1
322	442	1
322	483	1
322	507	1
322	585	1
322	865	1
322	1161	1
322	1276	1
322	1522	1
322	1611	-1
322	1686	1
322	1805	1
322	1982	-1
322	2021	1
322	2154	1
322	2167	-1
322	2182	1
322	2347	1
322	2571	1
322	2603	1
322	2670	-1
322	2728	1
322	2779	1
322	3276	1
322	3379	1
322	3457	-1
322	3524	1
322	3574	1
322	3640	1
322	3729	1
322	3820	1
322	3903	1
322	3911	1
322	4040	1
322	4093	1
322	4197	1
322	4207	1
322	4445	1
322	4560	1
322	4605	-1
322	4808	1
322	4937	1
322	5356	1
322	5473	1
324	689	1
324	865	1
324	1294	1
324	1325	1
324	1593	1
324	1669	1
324	1815	1
324	1982	-1
324	2078	1
324	2588	1
324	3267	1
324	3826	1
324	4093	1
324	4116	1
324	4171	1
326	1210	1
327	393	1
327	3732	1
333	341	1
333	346	1
333	486	1
335	891	1
336	421	1
339	604	1
344	443	1
344	448	1
344	458	1
344	851	1
344	1062	1
345	377	1
345	556	1
347	348	1
347	590	1
348	362	1
348	369	1
348	384	1
350	484	1
351	352	1
353	373	1
354	369	1
355	391	1
355	455	1
355	477	1
355	883	1
356	689	1
356	1241	1
356	1982	1
356	2256	1
356	2270	1
356	4560	1
357	481	1
357	487	1
360	445	1
360	503	1
360	539	1
360	590	1
360	607	1
360	611	1
360	661	1
362	363	1
363	607	1
365	394	1
366	369	1
366	384	1
366	394	1
366	549	1
367	1150	1
369	431	1
372	452	1
373	432	1
376	532	1
376	1450	1
376	2242	1
376	3211	1
377	429	1
377	566	1
377	594	1
377	730	1
377	922	1
378	669	1
378	753	1
378	1433	1
379	450	1
379	590	1
379	594	1
379	604	1
380	766	1
380	1330	1
382	384	1
382	394	1
384	429	1
385	494	1
386	498	1
386	1161	1
386	1277	1
386	1325	1
386	1345	1
386	1355	1
386	1487	1
386	1523	1
386	1572	1
386	1699	1
386	1795	1
386	2248	1
388	410	1
388	464	1
388	478	1
388	555	1
388	642	1
389	429	1
397	620	1
397	2251	1
397	3662	1
398	429	1
399	425	1
400	421	1
400	1447	1
401	405	1
404	417	1
404	420	1
404	538	1
404	779	1
404	845	1
404	896	1
404	1108	1
407	483	1
407	552	1
407	865	1
407	1294	1
407	1466	1
407	1625	1
407	1765	1
407	2256	1
407	3839	1
407	4093	1
407	4116	1
409	1698	1
410	421	1
410	995	1
412	413	1
413	452	1
413	484	1
413	674	1
413	711	1
413	1257	1
414	1886	1
418	737	1
420	436	1
422	423	1
423	435	1
423	444	1
423	457	1
423	581	1
423	635	1
425	513	1
425	654	1
426	1345	1
426	1514	1
426	1815	1
427	436	1
428	429	1
429	431	1
429	449	1
429	450	1
429	456	1
429	599	1
429	665	1
429	685	1
429	885	1
429	1374	1
430	496	1
430	511	1
430	552	1
430	1345	1
430	2944	-1
430	3624	1
430	3744	1
430	4236	1
433	437	1
436	486	1
436	813	1
436	834	1
437	478	1
437	886	1
437	1000	1
437	1002	1
438	440	1
439	451	1
441	449	1
441	456	1
441	463	1
441	508	1
442	507	1
442	1012	1
442	1294	1
442	1345	1
442	1765	1
442	1787	1
442	1946	-1
442	2248	1
442	2339	-1
442	2588	1
442	3357	1
442	3379	1
442	3567	1
442	3574	1
442	3639	1
442	3644	1
442	3760	1
442	3801	1
442	3815	1
442	3826	-1
442	4207	1
442	4445	1
442	5320	1
442	5513	1
442	5563	1
445	481	1
445	487	1
445	590	1
445	594	1
449	493	1
450	730	1
450	885	1
452	495	1
452	504	1
452	2306	1
453	511	1
453	1013	1
453	1054	1
453	1058	1
453	1250	1
453	1460	1
453	1487	1
453	1709	1
453	1787	1
453	1867	1
453	1999	1
453	2151	1
453	2355	1
453	2433	1
453	2655	1
453	2670	1
454	865	1
454	1058	1
454	1294	1
454	1691	1
454	1854	1
454	2088	1
454	2151	1
454	2804	1
454	3151	1
455	529	1
456	493	1
457	1070	1
458	1781	1
459	2071	1
461	1151	1
461	2066	1
461	2141	1
461	4733	1
462	495	1
463	487	1
463	592	1
467	2240	1
468	536	1
470	471	1
470	473	1
470	474	1
471	473	1
473	474	1
475	499	1
479	1317	1
481	922	1
482	590	1
483	498	1
483	624	1
483	1013	1
483	1277	1
483	1335	1
483	1355	1
483	1854	1
483	2167	1
484	495	1
484	497	1
484	591	1
484	621	1
484	636	1
484	662	1
484	674	1
484	1444	1
484	1728	1
484	1822	1
484	1844	1
484	1846	1
484	1858	1
484	1869	1
491	494	1
494	1028	1
494	2072	1
495	497	1
495	674	1
495	793	1
495	857	1
496	1277	1
496	1325	1
496	1436	1
496	1669	1
496	2473	1
496	3033	1
498	507	1
498	624	1
498	1013	1
498	1250	1
498	1277	1
498	1307	1
498	1345	1
498	1520	1
498	1523	1
498	1542	1
498	1572	1
498	1595	1
498	1648	1
498	1765	1
498	3295	1
499	986	1
499	1003	1
500	624	1
500	1012	1
500	1355	1
500	1866	1
500	2339	-1
500	2823	1
500	2885	1
500	3959	1
500	4472	1
500	4519	1
501	692	1
501	1277	1
501	1307	1
501	1325	1
501	1361	1
501	1475	1
501	1523	1
501	1699	1
501	1754	1
501	1854	1
501	1982	1
501	1999	1
501	2151	1
501	2184	1
501	2348	1
501	2588	1
501	2779	1
501	2939	1
501	3839	1
501	4093	1
501	4207	1
501	5135	1
503	508	1
506	788	1
506	1032	1
506	1311	1
506	1379	1
506	1470	1
506	2186	1
506	2766	1
506	3194	1
506	3498	1
506	3565	1
506	3632	1
506	3647	1
506	4300	1
506	4323	1
506	4769	1
506	4878	1
506	4974	1
506	5065	1
506	5347	1
506	5357	1
506	5389	1
506	5412	1
506	5414	1
506	5420	1
506	5433	1
506	5463	1
506	5514	1
506	5703	1
507	511	1
507	978	1
507	1004	1
507	1013	1
507	1182	1
507	1227	1
507	1294	1
507	1307	1
507	1335	1
507	1345	1
507	1355	1
507	1475	1
507	1506	1
507	1515	1
507	1522	1
507	1523	1
507	1553	1
507	1648	1
507	1699	1
507	1720	1
507	1787	1
507	1805	1
507	1831	1
507	1845	1
507	1851	1
507	1854	1
507	1951	1
507	1988	1
507	2021	1
507	2052	1
507	2078	1
507	2151	1
507	2248	1
507	2301	1
507	2339	1
507	2343	1
507	2348	1
507	2421	1
507	2501	1
507	2588	-1
507	2700	1
507	2708	1
507	3033	1
507	3127	1
507	3295	1
507	3379	1
507	3639	1
507	3644	-1
507	3650	1
507	3744	1
507	3748	1
507	3839	1
507	3849	1
507	3911	1
507	3959	-1
507	4093	1
507	4116	1
507	4207	1
507	4211	1
507	4472	1
507	4742	1
507	4808	1
507	4834	1
507	4854	1
507	4922	1
507	5135	1
507	5356	1
507	5859	1
507	5860	1
509	651	1
509	663	1
509	871	1
510	532	1
511	865	1
511	897	1
511	1345	1
511	1466	1
511	1522	1
511	1686	1
511	1765	1
511	1787	1
511	2021	1
511	2219	1
511	2249	1
511	2339	1
511	2350	1
511	2588	1
511	2673	1
511	2975	1
511	3911	1
511	4093	1
511	4116	1
511	4207	1
511	4236	1
511	4472	1
511	4742	1
514	660	1
515	545	1
515	972	1
516	810	1
518	980	1
520	659	1
521	799	1
522	814	1
522	874	1
522	1191	1
522	1214	1
524	525	1
524	530	1
524	558	1
524	605	1
524	3158	1
524	3548	1
525	530	1
525	558	1
525	564	1
525	700	1
526	527	1
527	809	1
528	543	1
528	647	1
530	531	1
530	533	1
530	534	1
530	606	1
530	643	1
530	667	1
530	721	1
530	776	1
530	1119	1
530	1129	1
531	533	1
531	601	1
531	667	1
533	676	1
533	1419	1
533	1517	1
536	728	1
537	668	1
538	570	1
538	834	1
538	845	1
541	543	1
542	592	1
545	644	1
545	651	1
545	4121	1
546	988	1
547	597	1
547	746	1
548	597	1
550	3851	1
552	842	1
552	978	1
552	1054	1
552	1277	1
552	1294	1
552	1307	1
552	1345	1
552	1355	1
552	1370	1
552	1520	1
552	1523	1
552	1542	1
552	1648	1
552	1774	1
552	1840	1
552	1999	1
552	2078	1
552	2127	1
552	2219	1
552	2339	1
552	2588	1
553	951	1
557	679	1
558	569	1
558	633	1
565	588	1
566	592	1
566	614	1
566	882	1
568	663	1
568	870	1
570	937	1
574	667	1
576	593	1
576	638	1
576	2074	1
579	580	1
581	1264	1
581	1275	1
581	1394	1
585	1227	1
585	1765	1
585	3379	1
585	3639	1
585	3833	1
585	3849	1
585	4207	1
585	4434	1
585	4459	1
585	4784	1
586	720	1
586	985	1
586	1036	1
587	639	1
587	1027	1
588	827	1
588	1212	1
588	1336	1
590	610	1
592	607	1
592	780	1
592	885	1
593	705	1
594	604	1
594	641	1
594	665	1
594	765	1
595	689	1
595	783	1
595	842	1
595	1227	1
595	1277	1
595	1278	1
595	1513	1
595	1860	1
595	2021	1
595	2151	1
598	728	1
600	2248	1
600	3815	1
600	4154	1
600	4472	1
601	675	1
601	1284	1
601	1419	1
602	666	1
602	701	1
602	772	1
602	775	1
602	1191	1
603	618	1
604	652	1
607	608	1
607	634	1
607	684	1
607	739	1
607	954	1
610	614	1
610	646	1
611	678	1
615	629	1
618	882	1
620	1503	1
621	622	1
623	625	1
624	1013	1
624	1161	1
624	1294	1
624	1335	1
624	1353	1
624	1460	1
624	1586	1
624	1787	1
624	2779	1
624	4546	1
624	4698	1
626	1122	1
627	741	1
633	676	1
633	1118	1
637	645	1
638	714	1
638	910	1
638	1022	1
640	695	1
645	682	1
645	951	1
647	706	1
647	710	1
647	753	1
647	781	1
647	782	1
647	806	1
647	825	1
647	2803	1
647	3663	1
647	3726	1
647	3778	1
647	3797	1
647	3798	1
648	674	1
649	797	1
649	805	1
649	915	1
651	791	1
655	656	1
656	843	1
660	712	1
660	2366	1
660	3763	1
661	739	1
667	675	1
667	991	1
670	842	1
670	1515	1
670	1765	1
670	1787	1
670	1871	1
670	2111	-1
670	2501	1
670	3842	1
670	4802	1
670	5513	1
674	751	1
674	931	1
674	1063	1
675	953	1
682	683	1
682	1568	1
682	1782	1
684	685	1
685	695	1
685	882	1
685	922	1
686	792	1
686	840	1
687	688	1
689	865	1
689	978	1
689	1054	1
689	1161	1
689	1241	1
689	1355	1
689	1460	1
689	1466	1
689	1522	1
689	1686	1
689	1699	1
689	1774	1
689	1815	1
689	1854	1
689	1982	-1
689	2021	1
689	2095	1
689	2118	1
689	2151	1
689	2248	1
689	2588	1
689	2655	1
692	1513	1
692	1686	1
692	1720	1
692	1787	1
692	2017	1
692	2129	1
692	2885	1
692	3276	1
692	3471	1
692	3827	1
693	723	1
693	738	1
693	1017	1
693	1034	1
694	715	1
695	730	1
702	740	1
702	770	1
702	967	1
703	758	1
713	800	1
715	799	1
715	826	1
715	949	1
715	956	1
716	1889	1
717	759	1
717	760	1
720	794	1
720	795	1
720	849	1
720	980	1
720	1035	1
720	1044	1
727	753	1
727	893	1
727	3663	1
728	778	1
728	1093	1
728	1156	1
729	807	1
730	780	1
735	989	1
735	990	1
735	1116	1
735	1163	1
735	1195	1
735	1248	1
735	1303	1
735	1313	1
735	1365	1
735	1423	1
735	1461	1
735	1462	1
735	1530	1
735	1549	1
735	1559	1
735	1672	1
736	797	1
737	1122	1
737	1199	1
739	780	1
742	744	1
744	748	1
746	1167	1
746	1228	1
747	748	1
754	927	1
755	790	1
758	822	1
759	909	1
761	907	1
761	929	1
761	1037	1
761	1091	1
761	4231	1
762	792	1
762	846	1
762	861	1
764	868	1
764	3406	1
771	877	1
777	1071	1
779	4030	1
783	1307	1
783	1815	1
783	1877	1
784	786	1
784	792	1
784	975	1
786	787	1
787	858	1
789	928	1
792	801	1
792	802	1
792	811	1
792	824	1
792	833	1
792	840	1
792	846	1
792	858	1
792	875	1
792	887	1
792	894	1
792	895	1
792	916	1
792	984	1
792	987	1
792	992	1
792	993	1
792	1007	1
792	1020	1
792	1152	1
794	903	1
795	903	1
798	891	1
798	957	1
804	955	1
807	813	1
811	955	1
813	845	1
813	970	1
813	1024	1
816	817	1
816	818	1
816	3107	1
822	829	1
822	837	1
824	831	1
824	835	1
826	839	1
830	1025	1
832	1003	1
835	864	1
842	865	1
842	1013	1
842	1277	1
842	1294	1
842	1307	1
842	1345	1
842	1355	1
842	1542	1
842	1595	1
842	1648	1
842	1815	1
842	1843	1
842	3959	1
842	4280	1
845	906	1
854	940	1
854	997	1
854	998	1
854	1402	1
856	979	1
856	3590	1
859	1199	1
859	1599	1
860	867	1
860	4888	1
860	4893	1
862	863	1
863	1659	1
864	955	1
865	897	1
865	978	1
865	1004	1
865	1013	1
865	1161	1
865	1227	1
865	1276	1
865	1294	1
865	1307	1
865	1325	1
865	1335	1
865	1345	1
865	1355	1
865	1436	1
865	1445	1
865	1457	1
865	1478	1
865	1486	1
865	1487	1
865	1499	1
865	1522	1
865	1523	1
865	1542	1
865	1569	1
865	1586	1
865	1611	1
865	1632	1
865	1648	1
865	1668	1
865	1669	1
865	1674	1
865	1686	1
865	1699	1
865	1743	1
865	1757	1
865	1758	1
865	1765	1
865	1770	1
865	1787	1
865	1840	1
865	1843	1
865	1845	1
865	1854	1
865	1877	1
865	1892	1
865	1894	1
865	1902	1
865	1951	1
865	1982	-1
865	1994	1
865	2017	1
865	2021	1
865	2078	1
865	2088	1
865	2094	1
865	2127	1
865	2147	1
865	2151	1
865	2248	1
865	2249	1
865	2256	1
865	2258	1
865	2270	1
865	2343	1
865	2433	1
865	2501	1
865	2512	1
865	2546	1
865	2588	1
865	2670	1
865	2673	1
865	2678	1
865	2885	1
865	2939	1
865	3251	1
865	3379	1
865	3380	1
865	3392	1
865	3457	1
865	3504	1
865	3567	1
865	3574	1
865	3624	1
865	3639	1
865	3650	1
865	3739	1
865	3752	1
865	3801	1
865	3842	1
865	3959	-1
865	4009	1
865	4093	1
865	4105	1
865	4116	1
865	4117	1
865	4172	1
865	4197	1
865	4200	1
865	4207	1
865	4220	-1
865	4247	1
865	4275	1
865	4315	1
865	4317	1
865	4330	1
865	4466	1
865	4467	1
865	4472	1
865	4474	1
865	4503	1
865	4519	1
865	4522	1
865	4533	1
865	4546	1
865	4560	1
865	4604	1
865	4699	1
865	4742	1
865	4937	1
865	5187	1
865	5310	1
866	867	1
867	996	1
868	869	1
868	879	1
868	892	1
868	935	1
868	952	1
868	965	1
868	973	1
868	976	1
868	986	1
868	1052	1
868	1053	1
868	1055	1
868	1064	1
868	1066	1
868	1073	1
871	1286	1
872	875	1
872	890	1
873	883	1
877	912	1
877	981	1
877	1135	1
880	1011	1
880	1014	1
881	1343	1
883	898	1
883	1017	1
883	1069	1
883	1192	1
883	1245	1
885	1026	1
886	901	1
888	973	1
889	1277	1
889	3392	1
889	3752	1
889	4207	1
889	4459	1
889	4546	1
895	1200	1
897	1004	1
897	1013	1
897	1205	1
897	1276	1
897	1277	1
897	1448	1
897	1460	1
897	1630	1
897	1845	1
897	1854	1
897	1984	1
899	1336	1
902	1235	1
903	926	1
908	1333	1
908	1393	1
910	942	1
913	946	1
913	1072	1
918	1025	1
918	1089	1
918	1128	1
919	1020	1
920	938	1
921	1342	1
923	1267	1
923	1273	1
923	3585	1
927	970	1
927	1065	1
927	1079	1
932	947	1
932	1052	1
933	941	1
935	1052	1
938	939	1
938	964	1
938	1023	1
941	942	1
942	943	1
942	1022	1
948	2003	1
948	2257	1
948	2265	1
948	2328	1
948	5194	1
948	5263	1
955	1113	1
961	962	1
961	963	1
964	965	1
965	973	1
965	1008	1
965	1010	1
965	1154	1
968	1015	1
968	1019	1
969	1008	1
971	1342	1
973	999	1
973	1008	1
973	1052	1
973	1087	1
974	1003	1
978	1012	1
978	1161	1
978	1241	1
978	1276	1
978	1353	1
978	1460	1
978	1506	1
978	1522	1
978	1577	1
978	1611	1
978	1669	1
978	1686	1
978	1765	1
978	1774	1
978	1784	1
978	1787	1
978	1840	1
978	1854	1
978	1866	1
978	1922	1
978	1982	-1
978	1999	1
978	2051	1
978	2063	1
978	2077	1
978	2078	1
978	2131	1
978	2151	1
978	2205	1
978	2244	1
978	2248	1
978	2280	1
978	2339	1
978	2355	1
978	2356	1
978	2473	1
978	2487	1
978	2546	1
978	2571	1
978	2588	1
978	2670	1
978	2673	1
978	2708	1
978	2724	1
978	2823	1
978	2877	1
978	2885	1
978	2899	1
978	2902	1
978	2909	1
978	2939	1
978	2950	1
978	2956	1
978	3041	1
978	3094	1
978	3151	1
978	3157	1
978	3161	1
978	3174	1
978	3259	1
978	3303	1
978	3457	1
978	3524	1
978	3571	1
978	3574	1
978	3580	1
978	3622	1
978	3640	1
978	3671	1
978	3729	1
978	3752	1
978	3760	1
978	3849	1
978	4039	1
978	4093	1
978	4116	1
978	4117	1
978	4128	1
978	4146	1
978	4153	1
978	4171	1
978	4207	1
978	4280	1
978	4432	1
978	4759	1
979	980	1
980	982	1
981	1060	1
982	1044	1
986	1003	1
988	1112	1
988	1127	1
988	1160	1
988	1282	1
994	1292	1
997	1217	1
1003	1090	1
1003	1114	1
1004	1699	1
1004	1876	1
1004	1877	1
1004	1982	1
1004	2021	1
1004	2094	1
1004	2248	-1
1005	1044	1
1006	1354	1
1012	1325	1
1012	1765	1
1012	1770	1
1012	1982	1
1012	1999	1
1012	2095	1
1012	2248	1
1012	2339	1
1012	2512	1
1012	2588	1
1012	2877	1
1012	2885	1
1012	3801	1
1012	3842	1
1012	4207	1
1012	4472	1
1012	4605	1
1012	5135	1
1012	5320	1
1012	5492	1
1012	5513	1
1012	5723	1
1013	1054	1
1013	1164	1
1013	1250	1
1013	1276	1
1013	1277	1
1013	1345	1
1013	1523	1
1013	1876	1
1014	2780	1
1016	1131	1
1022	1031	1
1022	1139	1
1022	1368	1
1022	1385	1
1023	1052	1
1024	1234	1
1024	1236	1
1025	1169	1
1028	1123	1
1038	1040	1
1038	1041	1
1038	1042	1
1038	1043	1
1038	1045	1
1038	1047	1
1038	1048	1
1038	1049	1
1050	1300	1
1050	1308	1
1052	1053	1
1052	1055	1
1052	1064	1
1052	1066	1
1052	1073	1
1052	1074	1
1052	1087	1
1054	1294	1
1054	1307	1
1054	1345	1
1054	1358	1
1054	3524	1
1055	1635	1
1056	1057	1
1058	1355	1
1058	1625	1
1058	1645	1
1058	4207	1
1058	4247	1
1060	1194	1
1064	1073	1
1064	1076	1
1067	1089	1
1072	1138	1
1079	1130	1
1081	2194	1
1088	1204	1
1093	1094	1
1099	1100	1
1099	1101	1
1099	1103	1
1100	1103	1
1103	1104	1
1103	1105	1
1107	1109	1
1107	1247	1
1114	3367	1
1119	1120	1
1122	1155	1
1122	1162	1
1122	1168	1
1122	1181	1
1122	1184	1
1122	1185	1
1122	1189	1
1122	1203	1
1122	1208	1
1122	1209	1
1122	1222	1
1122	1224	1
1122	1225	1
1122	1226	1
1122	1229	1
1122	1279	1
1122	1283	1
1122	1290	1
1122	1293	1
1122	1332	1
1122	1362	1
1122	1407	1
1125	1240	1
1126	1220	1
1128	1166	1
1134	1327	1
1136	1280	1
1143	1159	1
1145	1277	1
1145	1294	1
1145	1514	1
1145	1611	1
1145	1625	1
1145	1795	1
1145	1854	1
1145	1903	1
1145	1922	1
1145	2126	1
1145	2147	1
1145	2183	1
1145	2473	-1
1145	3033	1
1145	4698	1
1146	1147	1
1147	1148	1
1150	1261	1
1151	2066	1
1151	4734	1
1152	1153	1
1156	1157	1
1158	1189	1
1158	1190	1
1158	1438	1
1160	1170	1
1160	1172	1
1161	1276	1
1161	1277	1
1161	1294	1
1161	1325	1
1161	1436	1
1161	1445	1
1161	1523	1
1161	1572	1
1161	1648	1
1161	1757	1
1161	1840	1
1161	1843	1
1161	1982	-1
1161	1994	1
1161	2147	1
1161	2151	1
1161	2167	1
1161	2182	-1
1161	2184	1
1161	2248	1
1161	2263	1
1161	2274	1
1162	1176	1
1164	1277	1
1164	1854	1
1164	1982	1
1164	2129	1
1164	2296	1
1164	2301	1
1165	1166	1
1167	1186	1
1167	1239	1
1167	1350	1
1173	2560	1
1174	1187	1
1177	1219	1
1177	1260	1
1177	1296	1
1177	1371	1
1177	1439	1
1177	1507	1
1177	1508	1
1177	1579	1
1177	1647	1
1177	1740	1
1177	1929	1
1177	2163	1
1177	2190	1
1177	2378	1
1177	2438	1
1177	2761	1
1177	2946	1
1177	3515	1
1177	4073	1
1177	4111	1
1178	1179	1
1182	1325	1
1182	1523	1
1182	1757	1
1182	2263	1
1187	2972	1
1190	1201	1
1196	1266	1
1197	1198	1
1198	1262	1
1199	1203	1
1199	1217	1
1199	1226	1
1201	1202	1
1205	1345	1
1205	1497	1
1205	1523	1
1205	1632	1
1205	1699	1
1205	1765	1
1205	1867	1
1205	1999	1
1205	3033	1
1207	1211	1
1209	1215	1
1211	1244	1
1212	1262	1
1212	1424	1
1217	1223	1
1217	1238	1
1217	1242	1
1218	2252	1
1218	3116	1
1220	1221	1
1227	1325	1
1227	1355	1
1227	1757	1
1227	1765	1
1227	1966	1
1227	2571	1
1227	3827	1
1228	1297	1
1231	1770	1
1231	1946	1
1231	1982	1
1231	2258	1
1231	2571	1
1231	2588	1
1231	2823	1
1231	3033	1
1231	3080	1
1232	1233	1
1232	2593	1
1235	1327	1
1237	1251	1
1237	1253	1
1241	1487	1
1241	1497	1
1241	1522	1
1241	1572	1
1241	1648	1
1241	1699	1
1241	1720	1
1241	1754	1
1241	1758	1
1241	1765	1
1241	1877	1
1241	1903	1
1241	2021	1
1241	2025	1
1241	2077	1
1241	2094	1
1249	1277	1
1249	1572	1
1249	2078	1
1249	2219	1
1249	3033	1
1250	1277	1
1250	1475	1
1250	2219	-1
1255	1270	1
1255	3985	1
1262	1304	1
1272	1282	1
1272	1292	1
1272	1315	1
1272	1316	1
1272	1321	1
1272	1324	1
1272	1330	1
1272	1384	1
1275	1941	1
1276	1277	1
1276	1294	1
1276	1325	1
1276	1345	1
1276	1445	1
1276	1522	1
1276	1523	1
1276	1542	1
1276	1611	1
1276	1701	1
1276	1757	1
1276	1765	1
1276	1845	1
1276	1854	1
1276	2021	1
1276	2151	1
1276	2248	1
1276	2571	1
1276	2885	1
1276	2939	1
1276	3639	1
1276	4093	1
1276	4116	1
1276	4280	1
1276	5364	1
1276	5472	1
1277	1278	1
1277	1294	1
1277	1307	1
1277	1335	1
1277	1345	1
1277	1355	1
1277	1411	1
1277	1431	1
1277	1445	1
1277	1457	1
1277	1460	1
1277	1466	1
1277	1478	1
1277	1487	1
1277	1513	1
1277	1523	1
1277	1541	1
1277	1542	1
1277	1572	1
1277	1577	1
1277	1586	1
1277	1630	1
1277	1632	1
1277	1648	1
1277	1669	1
1277	1709	1
1277	1712	1
1277	1784	1
1277	1805	1
1277	1892	1
1277	1988	1
1277	2077	1
1277	2127	1
1277	2134	1
1277	2167	1
1277	2184	1
1277	2263	1
1277	2633	1
1277	2823	1
1278	1522	1
1278	1611	1
1278	1982	-1
1278	2078	1
1278	2219	1
1278	2248	1
1278	2603	1
1278	2823	-1
1278	2877	1
1278	3276	1
1278	3373	1
1285	1304	1
1287	1289	1
1288	1336	1
1291	2026	1
1292	1321	1
1294	1345	-1
1294	1355	1
1294	1370	1
1294	1431	1
1294	1448	1
1294	1478	1
1294	1506	1
1294	1522	1
1294	1542	1
1294	1572	1
1294	1593	1
1294	1625	1
1294	1629	1
1294	1632	1
1294	1648	1
1294	1686	1
1294	1691	1
1294	1699	1
1294	1757	1
1294	1765	1
1294	1770	1
1294	1815	1
1294	1854	1
1294	1894	1
1294	1966	1
1294	1982	-1
1294	1988	1
1294	2111	1
1294	2118	1
1294	2127	1
1294	2129	1
1294	2154	1
1294	2167	-1
1294	2196	1
1294	2205	1
1294	2215	1
1294	2219	1
1294	2258	1
1294	2339	1
1294	2355	1
1294	2406	1
1294	2546	1
1294	2571	1
1294	2588	1
1294	2633	1
1294	2708	1
1294	2863	1
1294	3041	1
1294	3047	1
1294	3251	1
1294	3295	1
1294	3379	1
1294	3381	1
1294	3475	1
1294	3504	1
1294	3526	1
1294	3574	1
1294	3578	1
1294	3644	1
1294	3660	1
1294	3729	1
1294	3752	1
1294	3820	1
1294	3899	1
1294	3911	1
1294	4084	1
1294	4093	1
1294	4116	1
1294	4117	1
1294	4136	1
1294	4200	1
1294	4207	1
1294	4546	1
1294	4742	1
1294	4749	1
1294	4832	1
1294	5723	1
1304	1339	1
1304	1364	1
1307	1355	1
1307	1513	1
1307	1630	1
1307	4093	-1
1308	1313	1
1311	1470	1
1311	1690	1
1311	2007	1
1311	2186	1
1311	2766	1
1311	3136	1
1311	3194	1
1311	3397	1
1311	3498	1
1311	3565	1
1311	3632	1
1311	3647	1
1311	3691	1
1311	3787	1
1311	4300	1
1311	4679	1
1311	4769	1
1311	4830	1
1311	4878	1
1311	4914	1
1311	5009	-1
1311	5065	1
1311	5225	1
1311	5357	1
1311	5389	1
1311	5394	1
1311	5414	1
1311	5416	1
1311	5420	1
1311	5425	1
1311	5430	1
1311	5444	1
1311	5463	1
1311	5507	1
1311	5514	1
1311	5527	1
1311	5551	1
1311	5557	1
1311	5700	1
1311	5709	1
1312	1319	1
1312	1342	1
1312	1496	1
1313	1423	1
1317	1359	1
1318	1327	1
1322	2000	1
1325	1345	1
1325	1355	1
1325	1572	1
1325	1648	1
1325	1686	1
1325	1712	1
1325	1757	1
1325	1795	1
1325	1922	1
1325	2077	1
1325	2078	1
1325	2167	1
1325	2804	1
1327	1340	1
1327	1366	1
1327	1425	1
1328	1342	1
1329	1338	1
1334	1477	1
1336	1337	1
1336	1338	1
1336	1347	1
1336	1369	1
1342	1360	1
1342	1405	1
1342	1406	1
1342	1443	1
1342	1479	1
1342	1525	1
1342	1528	1
1342	1575	1
1342	1580	1
1342	1612	1
1342	1655	1
1342	1722	1
1343	1344	1
1345	1353	1
1345	1358	1
1345	1436	1
1345	1445	1
1345	1448	1
1345	1460	1
1345	1466	1
1345	1475	1
1345	1486	1
1345	1487	1
1345	1497	1
1345	1499	1
1345	1506	1
1345	1513	1
1345	1520	1
1345	1522	1
1345	1523	1
1345	1542	1
1345	1553	1
1345	1569	1
1345	1572	1
1345	1577	1
1345	1593	1
1345	1611	-1
1345	1629	1
1345	1648	1
1345	1669	1
1345	1686	1
1345	1757	1
1345	1766	1
1345	1784	1
1345	1860	1
1345	1866	1
1345	1894	1
1345	1982	1
1345	2063	1
1345	2147	1
1345	2182	-1
1345	2823	-1
1345	4207	1
1348	4750	1
1353	1457	1
1353	2339	-1
1353	2588	1
1353	3574	1
1353	3911	1
1353	4546	1
1353	4605	1
1355	1358	1
1355	1431	1
1355	1460	1
1355	1486	1
1355	1497	1
1355	1513	1
1355	1522	1
1355	1523	1
1355	1586	1
1355	1629	1
1355	1648	1
1355	1668	1
1355	1669	1
1355	1719	1
1355	1765	1
1355	1845	1
1355	1866	1
1355	1871	1
1355	1903	1
1355	2017	1
1355	2021	1
1355	2063	1
1355	2077	1
1355	2095	1
1355	2126	1
1355	2147	1
1355	2151	1
1355	2167	1
1355	2182	1
1355	2205	1
1355	2258	1
1355	2270	1
1355	2603	1
1355	2670	1
1355	2700	1
1355	3041	1
1355	3127	1
1355	3276	-1
1355	3801	1
1355	4207	1
1358	1765	1
1358	1795	1
1358	1966	1
1358	2077	1
1358	2151	1
1358	2196	1
1359	1376	1
1361	1522	1
1361	2248	1
1361	2339	1
1361	2355	1
1361	2588	1
1361	3379	1
1361	4220	1
1361	4414	1
1361	4445	1
1361	4459	1
1361	4605	-1
1364	1416	1
1370	1734	1
1370	2262	1
1370	2339	1
1370	3033	1
1370	3392	1
1370	3578	1
1370	4116	1
1370	4776	1
1371	1471	1
1378	4987	1
1390	1391	1
1395	1624	1
1395	1747	1
1395	2367	1
1395	3591	1
1395	3757	1
1396	1397	1
1397	1422	1
1409	1427	1
1411	1982	1
1411	2167	1
1411	3574	1
1414	1415	1
1416	1430	1
1422	1764	1
1423	1678	1
1426	1435	1
1429	3909	1
1429	4973	1
1431	1815	1
1431	1854	1
1431	1860	1
1431	2008	1
1431	2017	1
1431	2078	1
1435	1453	1
1436	1466	1
1436	1523	1
1436	1541	1
1436	1922	1
1436	2008	1
1445	1513	1
1445	1514	1
1445	1522	1
1445	1542	1
1445	1572	1
1445	1648	1
1448	1520	1
1448	1522	1
1448	2588	1
1457	1466	1
1457	1513	1
1457	1542	1
1457	1569	1
1457	1630	1
1457	1632	1
1457	1719	1
1457	1787	1
1457	1982	1
1457	2111	1
1457	2126	1
1457	2182	1
1457	2219	1
1457	2348	1
1457	2588	1
1457	4093	1
1460	1487	1
1460	1648	1
1460	1669	1
1460	1815	1
1460	1982	1
1460	2021	1
1460	2129	1
1460	2151	1
1460	2256	1
1460	2348	1
1460	2728	1
1460	2877	1
1460	2942	1
1462	2155	1
1466	1686	1
1466	1982	1
1466	3744	1
1466	3820	1
1466	3839	1
1466	4280	1
1466	4560	1
1466	5007	1
1469	3841	1
1470	1759	1
1470	2766	1
1470	3498	1
1470	3632	1
1470	3647	1
1470	3691	1
1470	4974	1
1470	5224	1
1470	5347	1
1470	5357	1
1470	5412	1
1470	5430	1
1470	5703	1
1471	1472	1
1475	1854	1
1475	3927	1
1478	1497	1
1478	1499	1
1483	1501	1
1484	1600	1
1484	1717	1
1485	1707	1
1486	1648	1
1486	1903	1
1486	1922	1
1486	1982	-1
1486	2147	1
1486	2182	1
1486	2270	1
1486	3127	1
1486	3251	1
1486	3373	1
1486	3849	1
1487	1522	1
1487	1523	1
1487	1787	1
1487	1795	1
1487	1840	1
1487	1854	1
1487	1982	1
1487	2021	1
1487	2151	1
1487	2355	1
1487	2885	1
1487	3379	1
1487	4093	1
1487	4172	1
1497	1506	1
1497	1572	1
1497	1648	1
1497	1699	1
1499	1523	1
1499	2473	1
1501	1502	1
1501	1539	1
1501	2093	1
1501	2108	1
1501	2210	1
1501	2625	1
1501	2627	1
1501	2628	1
1501	2629	1
1504	1525	1
1506	1515	1
1506	1719	1
1506	1720	1
1506	4474	1
1513	1520	1
1513	1523	1
1513	1550	1
1513	1648	1
1513	1686	1
1513	1699	1
1513	1734	1
1513	2021	1
1513	2094	1
1513	2127	1
1513	2172	1
1513	2219	1
1513	2339	1
1513	2348	1
1513	2571	1
1513	2700	1
1513	2728	1
1513	3080	1
1513	3578	1
1513	3820	1
1513	4093	1
1513	4324	1
1513	4472	1
1514	1632	1
1514	1648	1
1514	1699	1
1514	2270	1
1515	1982	1
1515	2076	1
1515	2355	1
1515	2433	1
1515	2535	1
1520	1572	1
1520	1586	1
1520	1645	1
1520	1691	1
1520	1699	1
1520	1860	1
1520	2248	-1
1522	1523	1
1522	1542	1
1522	1577	1
1522	1595	1
1522	1611	1
1522	1648	1
1522	1668	1
1522	1669	1
1522	1674	1
1522	1686	1
1522	1691	1
1522	1701	1
1522	1719	1
1522	1757	1
1522	1765	1
1522	1784	1
1522	1787	1
1522	1795	1
1522	1854	1
1522	1922	-1
1522	1946	1
1522	2078	1
1522	2111	1
1522	2126	1
1522	2167	1
1522	2202	1
1522	2219	1
1522	2270	1
1522	2339	1
1522	2588	1
1522	2670	1
1522	2779	1
1522	2885	1
1522	3127	1
1522	3258	1
1522	3276	1
1522	3379	1
1522	3380	1
1522	3471	1
1522	3622	1
1522	3644	1
1522	3706	1
1522	3801	1
1522	3820	1
1522	3899	1
1522	4040	1
1522	4093	1
1522	4171	1
1522	4200	1
1522	4220	1
1522	5270	1
1523	1550	1
1523	1553	1
1523	1569	1
1523	1572	1
1523	1577	1
1523	1630	1
1523	1641	1
1523	1645	1
1523	1982	1
1523	1994	1
1523	2008	1
1523	2196	1
1523	2406	1
1523	2571	1
1525	1526	1
1525	1565	1
1525	1618	1
1525	1671	1
1525	1673	1
1525	1695	1
1527	1534	1
1529	1557	1
1533	1612	1
1536	1568	1
1541	1553	1
1541	1577	1
1541	1648	1
1541	1787	1
1541	2147	1
1541	2167	1
1541	2280	1
1541	2350	1
1541	2473	1
1541	3504	1
1542	1611	1
1542	1625	1
1542	1648	1
1542	1669	1
1542	1701	1
1542	1720	1
1542	1757	1
1542	1765	1
1542	1815	1
1542	1843	1
1542	1866	1
1542	2078	1
1542	2129	1
1542	2151	1
1542	2258	1
1542	2277	1
1542	2546	1
1542	3380	1
1548	1650	1
1548	1665	1
1548	1679	1
1548	1714	1
1550	1867	1
1552	1583	1
1553	3524	1
1568	2024	1
1569	1699	1
1569	1765	1
1569	1840	1
1569	1982	1
1569	2248	1
1569	2501	1
1569	2588	1
1569	2673	1
1569	3151	1
1569	3295	1
1569	3471	1
1569	3556	1
1569	3644	1
1569	3660	1
1569	3820	1
1569	3839	1
1569	3911	1
1569	4093	1
1569	4110	1
1569	4184	1
1569	4297	1
1569	4324	1
1569	4516	1
1572	1632	1
1572	1641	1
1572	1903	1
1572	2094	1
1572	2127	1
1572	2274	1
1572	2339	1
1573	3345	1
1577	1641	1
1577	1686	1
1577	1757	1
1577	1784	1
1577	1894	1
1577	1994	1
1577	1999	1
1577	2270	1
1577	2473	1
1577	2546	1
1577	2588	1
1577	3151	1
1581	1761	1
1581	2022	1
1581	2085	1
1581	2315	1
1581	2637	1
1581	3523	1
1585	1597	1
1586	1648	1
1586	1674	1
1586	1765	1
1586	1840	1
1586	1874	1
1586	1876	1
1586	1892	1
1586	1982	1
1586	2017	1
1586	2021	1
1586	2025	1
1586	2267	1
1586	2343	1
1586	2355	1
1586	2673	1
1586	3381	1
1586	3574	1
1586	3827	1
1586	4093	1
1592	2378	1
1593	1644	1
1595	1765	1
1595	1815	1
1595	1999	1
1595	2078	1
1595	3475	1
1595	3644	1
1595	3752	1
1595	3849	1
1595	4084	1
1595	4093	1
1595	4116	1
1595	4742	1
1598	2105	1
1604	5159	1
1606	1684	1
1607	2329	1
1608	1726	1
1608	1928	1
1608	1965	1
1609	1610	1
1611	1757	1
1611	1766	1
1611	2182	1
1611	2183	1
1611	2205	1
1611	2339	1
1611	2721	-1
1611	2877	1
1611	3276	1
1611	3392	-1
1611	3911	-1
1611	4742	-1
1617	1640	1
1621	1732	1
1624	1658	1
1625	1629	1
1625	1630	1
1625	1851	1
1625	1922	1
1625	1999	1
1625	2078	1
1625	2126	1
1625	2154	1
1625	2256	1
1625	2381	1
1625	3504	1
1625	4116	1
1625	4472	1
1625	5428	1
1628	1798	1
1629	2588	1
1629	3660	1
1630	1648	1
1630	1669	1
1630	1688	1
1630	1699	1
1630	1787	1
1630	1854	1
1630	1867	1
1630	1871	1
1630	1951	1
1630	1982	1
1630	2021	1
1630	2078	1
1630	2151	1
1630	2215	1
1630	2219	1
1630	2248	-1
1630	2588	1
1630	2939	1
1630	3550	1
1630	3581	1
1631	1643	1
1632	1648	1
1632	1757	1
1632	1815	1
1632	1840	1
1632	1894	1
1639	1640	1
1640	1794	1
1640	1954	1
1641	1645	1
1641	1815	1
1644	2017	1
1644	2063	1
1644	2546	1
1644	2571	1
1644	2670	1
1644	2885	1
1644	3660	1
1644	3820	1
1644	4084	1
1644	4317	1
1644	4459	1
1645	1784	1
1645	1854	1
1645	1903	1
1645	1994	1
1648	1669	1
1648	1686	1
1648	1699	1
1648	1701	1
1648	1922	1
1648	2147	-1
1648	2473	1
1652	5824	1
1655	1663	1
1656	1657	1
1656	1992	1
1667	1798	1
1668	1815	1
1668	1851	1
1669	1757	1
1669	1758	1
1669	1770	1
1669	1774	1
1669	1854	1
1669	1966	1
1669	1984	1
1669	1988	1
1669	2078	1
1670	2046	1
1674	1765	1
1674	1922	-1
1674	2111	1
1674	2151	1
1680	2435	1
1682	1931	1
1683	1690	1
1686	1701	1
1686	1787	1
1686	1815	1
1686	1922	1
1686	1982	-1
1686	2017	1
1686	2021	1
1686	2078	1
1686	2111	1
1686	2167	1
1686	2248	1
1686	2339	1
1686	2487	1
1686	2670	1
1686	2779	1
1686	2823	1
1686	2885	1
1686	3380	1
1686	3574	1
1686	3624	1
1686	3729	1
1686	3760	1
1686	3820	1
1686	3911	1
1686	4039	1
1686	4116	1
1686	4171	1
1686	4220	1
1686	4428	1
1686	4445	1
1686	4522	1
1686	4605	1
1686	4727	1
1686	4742	1
1686	5222	1
1688	1860	1
1688	2487	1
1688	2571	1
1688	3033	1
1690	2527	1
1690	2766	1
1690	3136	1
1690	3372	1
1690	3498	1
1690	3565	1
1690	3632	1
1690	3647	1
1690	4769	1
1690	4914	1
1690	5065	1
1690	5389	1
1690	5412	1
1690	5414	1
1690	5421	1
1690	5432	1
1690	5433	1
1690	5517	1
1690	5523	1
1690	5693	1
1691	1743	1
1698	3090	1
1698	3152	1
1699	1720	1
1699	1734	1
1699	1774	1
1699	1815	1
1699	1840	1
1699	1845	1
1699	1851	1
1699	1902	1
1699	3899	-1
1701	1903	1
1701	1982	-1
1701	2151	1
1701	2285	1
1701	2571	1
1701	3033	1
1701	5320	1
1702	4156	1
1705	3851	1
1706	3408	1
1707	1788	1
1707	2107	1
1707	2424	1
1707	2750	1
1707	2785	1
1707	3844	1
1707	4142	1
1708	1737	1
1708	1775	1
1709	1765	1
1709	1815	1
1709	1867	1
1709	2017	1
1709	2151	1
1709	2728	1
1709	4093	-1
1710	4134	1
1712	1765	1
1712	1815	1
1712	1854	1
1712	2219	1
1712	2248	1
1717	1726	1
1719	1765	1
1719	1787	1
1719	1805	1
1719	1845	1
1719	1867	1
1719	2285	1
1719	2433	1
1719	2571	1
1719	2877	1
1719	2902	1
1719	3392	1
1719	3524	1
1719	3624	1
1719	4035	1
1719	4093	1
1719	4207	1
1719	4445	1
1719	5320	1
1719	5513	1
1719	5604	1
1720	1754	1
1720	1765	1
1720	2021	-1
1724	1800	1
1724	1801	1
1724	1868	1
1726	1737	1
1726	1739	1
1726	1755	1
1726	1760	1
1726	1775	1
1726	1807	1
1726	1811	1
1726	1821	1
1726	1826	1
1726	1827	1
1726	1829	1
1726	1837	1
1726	1839	1
1726	1878	1
1726	1925	1
1726	1928	1
1726	1936	1
1726	1943	1
1726	1991	1
1726	2006	1
1726	2032	1
1728	1772	1
1729	1798	1
1730	2913	1
1733	1746	1
1733	1989	1
1734	1867	1
1734	2350	1
1741	2222	1
1743	1754	1
1743	1982	1
1743	2126	1
1743	2588	1
1745	2294	1
1749	2255	1
1749	2339	1
1753	1781	1
1757	1766	1
1757	1787	1
1757	1815	1
1757	1845	-1
1757	1860	1
1757	1982	1
1757	2126	1
1757	2154	1
1757	2167	1
1757	2182	1
1757	2244	1
1757	2296	1
1757	2670	1
1757	3303	1
1757	3639	1
1757	3911	1
1757	4035	1
1757	4117	1
1757	4207	1
1758	1854	1
1758	1982	1
1758	1984	1
1764	1768	1
1765	1770	1
1765	1774	1
1765	1784	1
1765	1787	1
1765	1815	1
1765	1854	1
1765	1866	1
1765	1901	1
1765	1922	1
1765	1926	1
1765	1982	-1
1765	1984	1
1765	1999	1
1765	2017	1
1765	2063	1
1765	2078	1
1765	2140	1
1765	2151	1
1765	2154	1
1765	2174	1
1765	2202	1
1765	2205	1
1765	2215	1
1765	2219	1
1765	2248	1
1765	2277	1
1765	2288	1
1765	2339	-1
1765	2360	1
1765	2485	1
1765	2487	1
1765	2588	1
1765	2603	1
1765	2670	1
1765	2721	1
1765	2728	1
1765	2763	1
1765	2844	1
1765	2885	1
1765	2887	1
1765	2909	1
1765	2917	1
1765	2956	1
1765	3080	1
1765	3118	1
1765	3174	1
1765	3210	1
1765	3259	1
1765	3273	1
1765	3295	-1
1765	3341	1
1765	3380	1
1765	3475	1
1765	3524	1
1765	3578	1
1765	3734	1
1765	3801	1
1765	3826	-1
1765	3827	1
1765	3839	1
1765	3842	1
1765	3911	1
1765	3959	-1
1765	4093	1
1765	4116	1
1765	4146	1
1765	4207	1
1765	4220	1
1765	4338	1
1765	4367	1
1765	4414	1
1765	4472	1
1765	4527	1
1765	4605	-1
1765	4715	-1
1765	4808	-1
1765	4934	1
1765	5135	1
1765	5320	1
1765	5492	1
1765	5585	1
1765	5794	1
1766	1845	1
1766	1892	1
1770	1854	1
1770	2248	1
1770	2678	1
1770	2804	1
1770	3276	1
1770	3504	1
1772	2044	1
1774	1815	1
1774	1854	1
1774	1982	1
1774	2078	1
1774	2151	1
1774	2248	1
1774	2588	1
1774	2728	1
1774	3303	1
1774	3392	1
1784	2078	1
1784	4519	1
1787	1854	1
1787	1946	1
1787	1982	-1
1787	1984	1
1787	1999	1
1787	2021	1
1787	2063	1
1787	2076	1
1787	2078	1
1787	2127	1
1787	2147	1
1787	2154	1
1787	2167	1
1787	2205	-1
1787	2219	1
1787	2270	1
1787	2280	1
1787	2296	1
1787	2303	1
1787	2339	1
1787	2546	1
1787	2571	1
1787	2588	1
1787	2670	1
1787	2678	1
1787	2687	1
1787	2823	1
1787	2939	1
1787	2975	1
1787	3157	1
1787	3251	1
1787	3379	1
1787	3380	1
1787	3392	1
1787	3504	1
1787	3624	1
1787	3639	1
1787	3660	1
1787	3820	1
1787	3849	1
1787	3911	1
1787	3959	-1
1787	4093	1
1787	4207	1
1787	4247	1
1787	4419	1
1787	4445	1
1787	4522	1
1787	4673	1
1787	4799	-1
1787	4937	1
1787	5135	1
1787	5350	1
1789	1873	1
1795	1854	1
1795	1951	1
1795	2485	1
1795	3033	1
1795	3258	1
1795	3295	1
1798	1799	1
1798	1848	1
1798	1997	1
1798	2122	1
1798	2175	1
1798	2354	1
1799	2071	1
1799	2087	1
1800	1801	1
1801	1833	1
1801	1868	1
1801	1917	1
1801	2097	1
1801	2133	1
1801	2141	1
1801	2336	1
1801	2337	1
1801	2338	1
1801	2459	1
1804	4530	1
1805	1815	1
1805	2078	1
1805	2157	1
1805	2270	1
1805	2339	1
1805	3357	1
1805	3380	1
1805	4560	1
1805	4742	1
1805	5270	1
1805	5356	1
1805	5364	1
1805	5428	1
1806	3063	1
1810	1968	1
1814	2712	1
1814	2784	1
1814	3704	1
1815	1845	1
1815	1854	1
1815	1866	1
1815	1951	1
1815	1982	1
1815	2077	1
1815	2078	1
1815	2095	1
1815	2311	1
1819	2018	1
1822	1910	1
1827	1828	1
1828	1836	1
1828	2264	1
1831	1876	1
1831	2111	1
1831	2249	1
1833	2018	1
1834	4090	1
1840	1982	1
1840	2248	1
1840	3373	1
1841	1854	1
1841	4116	1
1845	1946	1
1845	1982	1
1845	2021	1
1845	2078	1
1845	2182	1
1845	2248	1
1847	1884	1
1848	2071	1
1849	1855	1
1851	1876	1
1851	1946	1
1851	1960	1
1851	2076	1
1851	3842	-1
1854	1874	1
1854	1877	1
1854	1922	1
1854	1982	-1
1854	2078	1
1854	2140	1
1854	2151	1
1854	2157	1
1854	2196	1
1854	2249	1
1854	2258	1
1854	2285	1
1854	2350	1
1854	2485	1
1854	2655	1
1854	2670	1
1854	2678	1
1854	2700	1
1854	2739	1
1854	2763	1
1854	2823	1
1854	2877	1
1854	2885	1
1854	2886	1
1854	2944	1
1854	3118	1
1854	3126	1
1854	3249	1
1854	3295	1
1854	3660	1
1854	3839	1
1854	4278	1
1860	4052	1
1861	1863	1
1866	2588	1
1867	1934	1
1867	2313	1
1867	2571	1
1867	3574	1
1871	2546	1
1871	2588	1
1871	2655	1
1871	3033	1
1871	3047	1
1871	3644	1
1871	3660	1
1871	3839	1
1871	4207	1
1871	4472	1
1874	2939	1
1874	3379	-1
1874	3380	1
1874	3777	1
1874	3911	1
1874	4776	1
1874	5047	1
1876	1945	1
1876	1951	1
1876	1952	1
1876	2017	1
1876	2021	1
1876	2025	1
1876	2094	1
1876	2151	1
1877	1892	1
1877	1922	1
1877	1982	1
1877	2249	1
1877	2348	1
1877	2902	1
1877	4808	-1
1878	3608	1
1888	2239	1
1888	2846	1
1888	3784	1
1888	3821	1
1892	1946	1
1893	4424	1
1894	2076	1
1894	2603	1
1894	3904	1
1900	1908	1
1901	1982	1
1901	2078	1
1901	2670	1
1902	1999	1
1902	2021	1
1902	2147	1
1902	3911	1
1902	4472	1
1903	1922	1
1903	1926	1
1903	1994	1
1903	2094	1
1903	2118	1
1903	2147	1
1903	2406	1
1903	3295	1
1906	1937	1
1908	1939	1
1908	1944	1
1908	2214	1
1908	2309	1
1908	2374	1
1908	2752	1
1908	2762	1
1908	2768	1
1908	2771	1
1908	2776	1
1908	2796	1
1908	2797	1
1908	2816	1
1908	2850	1
1908	2855	1
1908	2857	1
1908	2873	1
1908	2874	1
1908	2876	1
1908	2892	1
1908	2896	1
1908	2900	1
1908	2930	1
1908	2947	1
1908	2948	1
1908	2967	1
1908	2974	1
1908	2977	1
1908	2997	1
1908	3004	1
1908	3008	1
1908	3009	1
1908	3013	1
1908	3022	1
1908	3034	1
1908	3038	1
1908	3117	1
1908	3124	1
1908	3329	1
1908	3505	1
1908	3577	1
1908	3775	1
1908	4020	1
1908	4230	1
1908	4681	1
1908	5311	1
1908	5663	1
1908	5738	1
1912	1980	1
1919	1921	1
1919	1927	1
1919	1932	1
1922	1951	1
1922	1982	1
1922	1994	1
1922	2008	1
1922	2021	1
1922	2095	1
1922	2140	1
1922	2151	1
1922	2205	1
1922	2588	1
1922	3574	1
1922	3578	1
1922	3581	1
1923	1924	1
1926	2147	-1
1926	2588	1
1926	3567	1
1926	4278	1
1926	4349	1
1926	4505	1
1931	3659	1
1932	1933	1
1933	1949	1
1945	1960	1
1945	1982	1
1945	2021	1
1945	4472	1
1946	2588	1
1946	2877	-1
1946	3127	1
1946	4009	1
1946	4249	1
1946	4278	1
1946	4367	-1
1946	5320	-1
1947	2086	1
1951	2151	1
1952	2021	1
1952	3155	1
1952	3357	1
1952	3660	1
1952	4324	1
1952	4472	1
1956	1958	1
1958	3641	1
1960	3524	1
1966	2078	1
1966	2151	1
1966	2339	1
1966	2975	1
1966	3392	1
1966	3706	1
1966	3744	1
1966	3827	1
1966	4116	1
1967	2965	1
1967	4766	1
1968	1976	1
1970	1978	1
1971	2241	1
1971	3669	1
1971	3681	1
1971	3682	1
1971	3685	1
1972	2326	1
1974	2208	1
1976	1977	1
1976	2246	1
1982	1988	1
1982	2017	1
1982	2021	1
1982	2025	1
1982	2077	1
1982	2078	1
1982	2084	1
1982	2088	1
1982	2118	-1
1982	2126	1
1982	2127	1
1982	2129	1
1982	2134	1
1982	2147	-1
1982	2151	1
1982	2157	1
1982	2167	1
1982	2174	1
1982	2183	1
1982	2202	1
1982	2248	1
1982	2258	1
1982	2267	1
1982	2277	1
1982	2285	1
1982	2296	1
1982	2303	1
1982	2311	1
1982	2339	1
1982	2360	1
1982	2487	1
1982	2546	1
1982	2571	1
1982	2588	1
1982	2603	-1
1982	2633	1
1982	2655	1
1982	2670	1
1982	2673	1
1982	2708	1
1982	2721	1
1982	2724	1
1982	2728	1
1982	2739	1
1982	2804	1
1982	2823	1
1982	2844	1
1982	2877	-1
1982	2885	1
1982	2886	1
1982	2902	1
1982	2917	1
1982	2950	1
1982	2956	1
1982	3041	1
1982	3047	1
1982	3094	1
1982	3127	1
1982	3151	1
1982	3169	1
1982	3267	1
1982	3295	1
1982	3341	1
1982	3392	1
1982	3457	1
1982	3524	1
1982	3644	-1
1982	3729	-1
1984	2021	1
1984	2151	1
1984	2248	1
1984	2270	1
1984	2670	1
1984	2877	1
1988	2140	1
1988	2151	1
1988	2167	1
1988	2485	1
1994	2571	1
1996	2265	1
1996	4150	1
1998	2269	1
1998	4706	1
1999	2017	1
1999	2021	1
1999	2078	1
1999	2126	1
1999	2129	1
1999	2134	1
1999	2147	1
1999	2167	1
1999	2258	1
1999	2270	1
1999	2339	1
1999	2343	1
1999	2473	1
1999	2804	1
1999	2823	1
1999	2844	-1
1999	2877	1
1999	2885	1
1999	2899	-1
1999	2975	-1
1999	3033	-1
1999	3127	-1
1999	3341	1
1999	3357	1
1999	3373	1
1999	3379	1
1999	3380	1
1999	3414	-1
1999	3504	1
1999	3524	1
1999	3639	1
1999	3706	1
1999	3744	1
1999	3760	1
1999	3842	1
1999	3911	1
1999	4093	1
1999	4207	1
1999	4220	1
1999	4297	1
1999	4414	1
1999	4428	1
1999	4431	1
1999	4505	1
1999	4519	1
1999	4522	1
1999	4808	1
1999	4937	1
1999	5114	-1
1999	5206	1
1999	5310	1
1999	5364	1
1999	5472	1
1999	5513	1
1999	5794	1
1999	5798	1
2002	4424	1
2003	2170	1
2003	3186	1
2004	2819	1
2007	3900	1
2008	2021	1
2008	2147	1
2017	2219	1
2017	2258	1
2017	2262	1
2017	2339	-1
2017	2535	1
2017	2571	1
2017	2588	1
2017	2779	1
2017	2885	1
2017	3357	1
2017	3379	1
2017	3524	1
2017	3624	1
2017	3752	1
2017	3911	1
2017	4093	1
2017	4116	1
2017	4280	1
2017	4546	1
2017	4560	1
2017	5310	1
2017	5513	1
2017	5708	1
2017	5798	1
2018	2066	1
2018	2100	1
2018	3477	1
2018	3519	1
2021	2077	1
2021	2078	1
2021	2095	1
2021	2147	1
2021	2174	1
2021	2205	1
2021	2215	1
2021	2248	1
2021	2588	1
2021	2633	1
2021	2940	1
2021	3295	1
2021	3379	1
2021	3380	-1
2021	3567	1
2021	3574	1
2021	3639	1
2021	3820	1
2021	3911	1
2021	4084	1
2021	4093	1
2021	4116	1
2021	4220	1
2021	4428	1
2021	4549	1
2021	4560	1
2021	4643	1
2021	5135	1
2021	5356	1
2021	5798	1
2024	2545	1
2024	3040	1
2024	3076	1
2024	3233	1
2024	4011	1
2026	2268	1
2027	2911	1
2027	5848	1
2029	2043	1
2032	3895	1
2033	2035	1
2033	2145	1
2033	2193	1
2033	2423	1
2033	2921	1
2036	2241	1
2038	2039	1
2038	2041	1
2038	2046	1
2038	2057	1
2038	2179	1
2038	3754	1
2040	2049	1
2041	2046	1
2042	2072	1
2043	2090	1
2043	2222	1
2044	2056	1
2051	2258	1
2055	2064	1
2063	2078	1
2063	2094	1
2063	2248	1
2063	2339	1
2063	2348	1
2063	2546	1
2063	2571	1
2063	2606	1
2063	2823	1
2063	2887	1
2063	2917	1
2063	3574	1
2063	3820	1
2063	3839	1
2063	4116	1
2063	4278	1
2063	4503	1
2063	4522	1
2063	4546	1
2063	4605	1
2063	4922	1
2066	2097	1
2066	2211	1
2066	2337	1
2066	2338	1
2066	2557	1
2066	3081	1
2067	2068	1
2071	2075	1
2071	2087	1
2071	2092	1
2071	2272	1
2071	2304	1
2071	2305	1
2071	2323	1
2071	2469	1
2071	3213	1
2073	2101	1
2074	2080	1
2077	2095	1
2077	2127	1
2077	2129	1
2077	2151	1
2077	2301	1
2077	4605	-1
2078	2118	1
2078	2126	1
2078	2129	1
2078	2131	1
2078	2140	1
2078	2157	1
2078	2167	1
2078	2184	1
2078	2219	1
2078	2248	1
2078	2258	1
2078	2270	1
2078	2277	1
2078	2301	1
2078	2303	1
2078	2339	1
2078	2347	1
2078	2348	1
2078	2355	1
2078	2473	1
2078	2485	1
2078	2501	1
2078	2588	1
2078	2624	1
2078	2700	1
2078	2708	1
2078	2721	1
2078	2823	1
2078	2885	1
2078	2886	1
2078	2899	1
2078	2926	-1
2078	3041	1
2078	3047	1
2078	3094	1
2078	3155	1
2078	3161	1
2078	3259	1
2078	3276	1
2078	3357	1
2078	3571	1
2078	3624	1
2078	3760	1
2078	3820	1
2078	4040	1
2078	4093	1
2078	4171	1
2078	4207	1
2078	4247	-1
2078	4278	1
2078	4285	1
2078	4374	1
2078	4428	1
2078	4546	1
2078	4673	1
2078	4727	1
2078	4742	1
2078	5135	1
2078	5139	-1
2078	5223	1
2078	5472	1
2078	5492	1
2078	5798	1
2080	2209	1
2080	4141	1
2084	3760	1
2084	3820	1
2084	4236	1
2084	4742	1
2084	4934	1
2084	5163	1
2085	2398	1
2085	3523	1
2085	5468	1
2088	2094	1
2088	2095	1
2088	2126	1
2094	2095	1
2094	3571	1
2095	4084	1
2096	2108	1
2098	2099	1
2101	2109	1
2101	2110	1
2101	2119	1
2101	2124	1
2102	2106	1
2110	2124	1
2111	2151	1
2111	2182	1
2111	2339	1
2112	2581	1
2118	2127	1
2118	2167	-1
2118	2588	1
2118	3911	1
2118	4128	1
2120	4156	1
2120	4186	1
2120	4293	1
2120	4331	1
2120	4340	1
2120	4346	1
2126	2129	1
2126	2147	1
2126	2172	1
2126	2182	1
2126	2255	1
2126	2262	1
2126	2270	1
2126	2280	1
2127	2151	1
2127	2339	1
2128	3332	1
2129	2263	1
2129	2270	1
2129	2280	1
2129	2339	1
2129	2348	1
2129	2445	1
2129	2546	1
2129	2588	1
2129	2603	1
2129	2670	1
2129	2721	1
2129	2779	1
2129	2804	1
2129	2926	1
2129	3392	1
2129	3524	1
2129	3899	1
2129	4197	1
2131	3155	1
2134	2167	1
2140	3660	1
2140	4093	1
2140	4172	1
2141	3419	1
2141	4071	1
2141	4074	1
2141	4218	1
2142	2289	1
2145	2234	1
2147	2151	1
2147	2215	1
2147	2256	1
2147	2350	1
2147	2546	1
2147	2606	1
2147	3801	1
2147	4472	-1
2148	4814	1
2151	2167	1
2151	2196	1
2151	2219	1
2151	2244	1
2151	2248	1
2151	2249	1
2151	2263	1
2151	2267	1
2151	2270	1
2151	2280	1
2151	2296	1
2151	2339	1
2151	2350	1
2151	2356	1
2151	2473	1
2151	2655	1
2151	3826	1
2152	2158	1
2154	2670	1
2154	4093	1
2157	2301	1
2158	2271	1
2161	2164	1
2161	2246	1
2161	2316	1
2161	2332	1
2161	2352	1
2167	2172	1
2167	2202	1
2167	2258	1
2167	2280	1
2167	2350	1
2167	2673	1
2167	2678	1
2167	2721	1
2167	2739	1
2167	2844	1
2172	2263	1
2177	2257	1
2182	2183	1
2182	2205	-1
2183	2303	1
2183	3911	1
2183	4605	1
2184	2270	1
2184	3379	-1
2184	3801	1
2186	5412	1
2188	2905	1
2188	3523	1
2196	3660	1
2197	3123	1
2197	3298	1
2197	4044	1
2197	4245	1
2197	4250	1
2197	4283	1
2197	4305	1
2199	3063	1
2202	2588	1
2204	2242	1
2205	2262	1
2205	2877	1
2205	2886	1
2205	3094	1
2205	4084	-1
2205	5135	1
2208	3308	1
2212	2237	1
2215	2219	1
2215	2248	1
2215	2270	1
2215	2339	1
2215	2487	1
2215	2546	1
2215	2571	1
2215	2588	1
2215	2670	1
2215	2700	1
2215	2779	1
2215	2885	1
2215	2944	1
2215	3624	1
2215	3660	1
2215	3739	1
2215	3801	1
2215	4009	1
2215	4116	1
2219	2244	1
2219	2248	1
2219	2296	1
2219	2339	1
2219	2343	1
2219	2739	1
2219	2877	1
2219	2942	-1
2219	3155	1
2219	3169	1
2219	3251	1
2219	3258	1
2219	3578	1
2219	3624	1
2219	4605	1
2222	2821	1
2225	2230	1
2228	2230	1
2234	5246	1
2235	2261	1
2237	4114	1
2242	2607	1
2244	2339	1
2244	2588	1
2245	2247	1
2245	2376	1
2246	2341	1
2248	2255	1
2248	2280	1
2248	2285	1
2248	2339	1
2248	2348	1
2248	2350	1
2248	2445	1
2248	2546	1
2248	2571	1
2248	2588	1
2248	2603	1
2248	2624	1
2248	2633	1
2248	2670	1
2248	2673	1
2248	2678	1
2248	2708	1
2248	2711	1
2248	2728	-1
2248	2765	1
2248	2844	1
2248	2885	1
2248	2902	1
2248	2917	1
2248	2926	1
2248	3258	1
2248	3380	1
2248	3475	1
2248	3624	-1
2248	3639	1
2248	3640	1
2248	3729	1
2248	3752	1
2248	3801	1
2248	3911	1
2248	4040	1
2248	4207	1
2248	4278	1
2248	4474	1
2248	4560	1
2248	5472	1
2248	5604	1
2251	2278	1
2251	2298	1
2251	2340	1
2251	2716	1
2255	3379	1
2255	3380	1
2255	3639	1
2255	3744	1
2255	3846	1
2255	3911	1
2255	4035	1
2255	4172	1
2255	4937	1
2255	5320	1
2255	5356	1
2256	3739	1
2257	2265	1
2257	2328	1
2257	3925	1
2257	5194	1
2258	2296	1
2258	2473	1
2258	2673	1
2258	2728	1
2258	3295	1
2258	3303	1
2258	5585	1
2262	4093	1
2263	2348	1
2265	2299	1
2265	2334	1
2265	4429	1
2265	4678	1
2265	4918	1
2267	2546	1
2267	2588	1
2270	2339	1
2270	2588	1
2270	3258	1
2270	3624	1
2270	3820	1
2270	3911	1
2270	4040	1
2270	4432	1
2270	4505	1
2274	2339	1
2274	2940	1
2274	3249	1
2274	3839	1
2274	4116	1
2274	4207	1
2274	4472	1
2274	4605	1
2274	4742	1
2274	4784	1
2274	4802	1
2274	4846	1
2277	2356	1
2277	3660	1
2277	4116	1
2280	2285	1
2280	2311	1
2280	2339	1
2280	2343	1
2280	2350	1
2280	2779	1
2280	3094	1
2280	3504	1
2284	2593	1
2285	2433	1
2288	4116	1
2294	2321	1
2295	2846	1
2296	2355	1
2296	2571	1
2296	3842	1
2304	3923	1
2304	4032	1
2314	2329	1
2314	2954	1
2314	3142	1
2321	2742	1
2321	2903	1
2321	3000	1
2322	2330	1
2328	3925	1
2329	2570	1
2329	2841	1
2329	2954	1
2329	2973	1
2329	3016	1
2329	3027	1
2329	3070	1
2329	3138	1
2329	3252	1
2329	3470	1
2329	3803	1
2329	3922	1
2329	3942	1
2329	3947	1
2329	3996	1
2329	4054	1
2329	4559	1
2329	5041	1
2329	5160	1
2334	2335	1
2339	2343	-1
2339	2381	1
2339	2433	1
2339	2588	1
2339	2603	1
2339	2670	-1
2339	2678	1
2339	2724	1
2339	2739	1
2339	2779	1
2339	2885	-1
2339	2886	1
2339	2926	1
2339	2950	-1
2339	2956	1
2339	3039	1
2339	3041	1
2339	3080	1
2339	3151	1
2339	3251	1
2339	3276	1
2339	3295	1
2339	3379	-1
2339	3392	1
2339	3524	-1
2339	3526	1
2339	3640	1
2339	3644	1
2339	3660	1
2339	3752	1
2339	3801	1
2339	3826	1
2339	3842	1
2339	3911	1
2339	4052	1
2339	4154	1
2339	4220	1
2339	4276	1
2339	4445	1
2339	4605	1
2339	4742	1
2339	5047	1
2339	5364	1
2339	5563	1
2339	5604	1
2339	5842	1
2340	2362	1
2343	2588	1
2343	3839	1
2343	3911	1
2343	4183	1
2347	2673	1
2347	3457	1
2347	3752	1
2348	2350	1
2348	2356	1
2348	2426	1
2348	2588	1
2348	2678	1
2348	2687	1
2348	2885	1
2348	3820	1
2348	4414	1
2348	4522	1
2348	5434	1
2348	5492	1
2348	5560	1
2349	3507	1
2349	3880	1
2350	2473	1
2350	2588	1
2353	2434	1
2355	2546	1
2355	2571	1
2355	2673	1
2355	2700	1
2355	2708	1
2355	2885	1
2355	3155	1
2355	3174	1
2355	3392	1
2355	3471	1
2355	3504	1
2355	3574	1
2355	3581	1
2355	3624	1
2355	3644	1
2355	3671	1
2355	3706	1
2355	3752	1
2355	3760	1
2355	3801	1
2355	3839	1
2355	4039	1
2355	4046	1
2355	4116	1
2355	4200	1
2355	4207	1
2355	4285	1
2355	4338	1
2358	2363	1
2360	2588	1
2360	3578	1
2361	2420	1
2362	2377	1
2363	2392	1
2366	2386	1
2367	2626	1
2370	2371	1
2370	2581	1
2370	2769	1
2370	2853	1
2370	3192	1
2378	2380	1
2378	2638	1
2378	3232	1
2379	2399	1
2380	3306	1
2381	4207	1
2381	4698	1
2388	3187	1
2388	3275	1
2388	3384	1
2388	3507	1
2388	3605	1
2389	3669	1
2394	2395	1
2397	2791	1
2400	2454	1
2414	2415	1
2419	2636	1
2419	4791	1
2421	2512	1
2421	2708	1
2421	3574	1
2421	3815	1
2421	3839	1
2421	4093	1
2421	4922	1
2424	2464	1
2433	2588	1
2433	2655	1
2433	4472	-1
2434	2460	1
2434	2587	1
2434	2592	1
2434	2593	1
2434	2744	1
2434	2801	1
2434	2859	1
2434	3087	1
2434	3096	1
2434	3180	1
2434	3226	1
2435	2840	1
2436	3663	1
2443	2451	1
2444	3897	1
2445	2588	1
2445	4116	1
2447	2996	1
2447	4501	1
2448	4501	1
2450	2499	1
2451	3205	1
2454	2463	1
2454	2465	1
2454	2466	1
2459	2472	1
2465	2471	1
2465	2488	1
2465	2490	1
2465	2491	1
2465	2492	1
2465	2493	1
2465	2494	1
2473	2588	1
2473	4207	1
2474	2840	1
2480	4424	1
2484	2504	1
2484	2511	1
2485	2603	1
2487	2728	1
2487	2779	1
2487	2902	1
2487	3039	1
2487	4428	1
2487	4472	-1
2488	2489	1
2489	2490	1
2489	2491	1
2489	2492	1
2489	2493	1
2497	2574	1
2498	2513	1
2501	2588	1
2501	2885	1
2501	3504	1
2501	3899	1
2501	4093	1
2501	4472	1
2501	4546	1
2501	4560	1
2501	4799	1
2506	2791	1
2512	2535	1
2512	2885	1
2512	3504	1
2512	4040	1
2512	4093	1
2512	4184	1
2512	4275	1
2512	4434	1
2512	4467	1
2512	4495	1
2512	4505	1
2513	2514	1
2513	2516	1
2513	2517	1
2513	2520	1
2514	2515	1
2515	2516	1
2515	2574	1
2515	2575	1
2515	2577	1
2515	2578	1
2515	2579	1
2516	2518	1
2517	2577	1
2518	2574	1
2518	2577	1
2521	2538	1
2521	2639	1
2521	2640	1
2521	2645	1
2521	2646	1
2521	2647	1
2521	2665	1
2527	2766	1
2529	2918	1
2531	2547	1
2531	2549	1
2531	2550	1
2531	2567	1
2531	2568	1
2531	2569	1
2535	2673	1
2536	2594	1
2538	2543	1
2538	2544	1
2539	2891	1
2539	3061	1
2540	2581	1
2546	2588	1
2546	2708	1
2546	2885	1
2546	2926	1
2546	2950	1
2546	2956	1
2546	3253	1
2546	3392	1
2546	3414	1
2546	3624	1
2546	3760	1
2546	3820	1
2546	3826	1
2546	4110	1
2546	4116	1
2546	4128	1
2546	4136	1
2546	4176	1
2546	4207	1
2546	4211	1
2546	4236	1
2546	4268	1
2546	4374	1
2546	4408	1
2546	4466	1
2546	4516	1
2546	4533	1
2546	4699	1
2546	5270	-1
2548	2549	1
2551	2552	1
2556	3053	1
2558	2593	1
2560	2726	1
2560	5360	1
2567	2568	1
2567	2569	1
2568	2569	1
2571	2588	1
2571	2700	1
2571	2885	1
2571	2887	1
2571	2902	1
2571	2909	1
2571	2917	1
2571	2939	1
2571	2950	1
2571	2975	1
2571	3033	1
2571	3041	1
2571	3047	1
2571	3101	1
2571	3118	1
2571	3151	1
2571	3155	1
2571	3273	1
2571	3403	1
2571	3471	1
2571	3502	1
2571	3510	1
2571	3524	1
2571	3526	1
2571	3550	1
2571	3581	1
2571	3640	1
2571	3660	1
2571	3744	1
2571	3801	1
2571	3903	1
2571	3904	1
2571	3959	1
2571	4034	1
2571	4093	1
2571	4128	1
2571	4236	1
2571	4334	1
2571	4360	1
2571	4374	1
2571	4428	1
2571	4472	1
2571	4522	1
2571	4729	1
2571	4799	1
2571	5223	1
2571	5434	1
2574	2578	1
2575	2578	1
2575	2617	1
2577	2578	1
2577	2611	1
2577	2617	1
2578	2617	1
2579	2620	1
2581	2583	1
2581	2591	1
2581	2599	1
2581	2609	1
2581	2684	1
2581	2701	1
2581	2733	1
2581	2769	1
2581	2790	1
2581	2794	1
2581	2810	1
2581	2817	1
2581	2833	1
2581	2838	1
2581	2853	1
2581	2858	1
2581	2966	1
2581	2969	1
2581	2971	1
2581	3006	1
2581	3020	1
2581	3102	1
2581	3175	1
2581	3192	1
2581	3193	1
2581	3242	1
2581	3323	1
2581	3439	1
2581	3794	1
2581	3795	1
2581	4123	1
2581	5166	1
2581	5172	1
2582	2605	1
2582	2757	1
2588	2633	1
2588	2673	1
2588	2700	1
2588	2711	1
2588	2724	1
2588	2763	1
2588	2885	1
2588	2887	1
2588	2902	1
2588	2917	1
2588	2942	1
2588	2944	1
2588	2956	1
2588	3033	1
2588	3039	1
2588	3041	1
2588	3047	1
2588	3080	1
2588	3094	1
2588	3101	1
2588	3118	1
2588	3127	1
2588	3151	1
2588	3155	1
2588	3157	1
2588	3169	1
2588	3249	1
2588	3251	1
2588	3273	1
2588	3276	1
2588	3295	1
2588	3333	1
2588	3355	1
2588	3357	1
2588	3379	1
2588	3380	1
2588	3392	1
2588	3414	1
2588	3471	1
2588	3475	1
2588	3524	1
2588	3550	1
2588	3556	1
2588	3567	1
2588	3571	1
2588	3574	1
2588	3607	1
2588	3622	1
2588	3639	1
2588	3640	1
2588	3644	1
2588	3650	1
2588	3660	1
2588	3734	1
2588	3744	1
2588	3748	1
2588	3815	1
2588	3820	1
2588	3826	1
2588	3827	1
2588	3839	1
2588	3849	1
2588	3904	1
2588	3911	1
2588	3959	1
2588	4034	1
2588	4093	1
2588	4110	1
2588	4136	1
2588	4183	1
2588	4189	1
2588	4207	1
2588	4278	1
2588	4280	1
2588	4317	1
2588	4349	1
2588	4374	1
2588	4431	1
2588	4467	1
2588	4472	1
2588	4503	1
2588	4510	1
2588	4519	1
2588	4776	1
2588	4934	1
2590	3945	1
2593	2679	1
2593	2727	1
2593	2732	1
2593	2772	1
2593	2859	1
2593	2982	1
2593	3018	1
2593	3059	1
2593	3099	1
2593	3222	1
2593	3346	1
2593	3768	1
2593	4062	1
2593	4815	1
2600	2607	1
2601	3063	1
2602	2611	1
2602	2614	1
2602	2615	1
2602	2617	1
2602	2619	1
2602	2623	1
2603	2633	1
2603	2670	1
2603	2678	1
2603	2877	1
2603	4560	1
2603	5364	1
2606	2944	1
2606	3127	1
2606	3303	1
2606	3574	1
2606	3644	-1
2606	4472	-1
2614	2615	1
2615	2616	1
2616	2623	1
2617	2619	1
2617	2623	1
2617	2644	1
2619	2620	1
2619	2621	1
2619	2623	1
2619	2644	1
2620	2622	1
2621	2622	1
2621	2634	1
2621	2682	1
2621	2683	1
2621	2689	1
2622	2634	1
2625	2627	1
2625	2628	1
2625	2629	1
2627	2628	1
2628	2630	1
2631	2715	1
2633	2670	1
2633	2678	1
2633	2708	1
2633	2739	-1
2633	2823	1
2638	2907	1
2638	3209	1
2639	2640	1
2639	2643	1
2645	2646	1
2645	2647	1
2645	2648	1
2646	2647	1
2647	2697	1
2648	2649	1
2649	2650	1
2655	4093	1
2655	4116	1
2655	4472	1
2657	2662	1
2657	2663	1
2657	2680	1
2661	2677	1
2661	2722	1
2662	2663	1
2662	2697	1
2665	2666	1
2669	2791	1
2670	2673	1
2670	2678	1
2670	2708	1
2670	2721	1
2670	2739	1
2670	2765	1
2670	2779	1
2670	2783	1
2670	2877	1
2670	2885	1
2670	2886	1
2670	3094	1
2670	3151	1
2670	3258	1
2671	2747	1
2673	2724	1
2673	2823	1
2673	3706	1
2673	3849	1
2675	5176	1
2676	3824	1
2678	2739	1
2678	2942	1
2680	2681	1
2682	2683	1
2683	2686	1
2689	2690	1
2690	2691	1
2690	2694	1
2691	2692	1
2691	2694	1
2696	2822	1
2700	3273	1
2700	3276	1
2700	4093	1
2700	4349	1
2702	2709	1
2707	2972	1
2708	2779	1
2708	3151	1
2711	3839	1
2711	4093	1
2711	4116	1
2711	5445	1
2713	2791	1
2714	3306	1
2719	2774	1
2719	2987	1
2719	3001	1
2719	3002	1
2719	3021	1
2719	3525	1
2721	3574	1
2721	3706	1
2721	3959	1
2721	4171	1
2722	2737	1
2722	2759	1
2723	3063	1
2724	2728	1
2724	2886	1
2724	2926	1
2724	3118	1
2724	3524	1
2725	4690	1
2726	2734	1
2726	2749	1
2726	2767	1
2728	2804	1
2728	3524	1
2733	3192	1
2733	4392	1
2739	2779	1
2745	3474	1
2745	3594	1
2748	2769	1
2749	2756	1
2749	2782	1
2749	2981	1
2752	2812	1
2752	2816	1
2753	2791	1
2756	2808	1
2757	2758	1
2763	4116	1
2766	3498	1
2766	3647	1
2766	4300	1
2766	4830	1
2766	5224	1
2766	5412	1
2766	5414	1
2766	5430	1
2766	5507	1
2766	5632	1
2766	5711	1
2767	2814	1
2767	2818	1
2769	3020	1
2779	2902	1
2779	2975	1
2779	3094	1
2779	3157	1
2779	3457	-1
2779	3524	1
2779	3574	1
2779	3639	1
2779	3739	1
2779	3752	1
2779	3911	1
2779	4116	1
2779	4200	1
2779	4445	1
2779	4776	1
2779	5135	1
2779	5472	1
2779	5492	1
2782	3416	1
2783	3574	1
2783	3706	1
2783	4154	1
2784	3722	1
2784	3724	1
2784	3779	1
2788	2793	1
2788	2807	1
2791	2792	1
2791	2799	1
2791	2824	1
2791	2825	1
2791	2826	1
2794	2795	1
2794	3439	1
2800	2905	1
2800	3032	1
2802	2828	1
2802	2888	1
2802	2895	1
2804	3373	1
2804	3567	1
2810	3192	1
2810	5678	1
2813	5427	1
2817	2853	1
2821	3283	1
2821	3976	1
2823	3849	1
2823	4116	1
2823	4278	1
2830	2854	1
2830	2963	1
2831	2882	1
2832	4690	1
2834	2841	1
2835	2843	1
2839	3026	1
2840	2913	1
2840	3106	1
2840	3190	1
2840	3204	1
2840	3401	1
2840	3418	1
2840	3424	1
2840	3432	1
2840	3445	1
2840	3455	1
2840	3541	1
2840	3582	1
2840	3636	1
2840	3823	1
2840	3832	1
2840	4112	1
2844	4116	1
2845	2846	1
2846	3057	1
2846	3254	1
2846	3281	1
2846	3330	1
2846	3784	1
2846	3821	1
2848	2954	1
2849	3129	1
2853	2858	1
2856	2954	1
2858	3192	1
2861	2883	1
2862	2865	1
2872	2920	1
2876	2951	1
2877	3210	1
2877	3624	-1
2877	3639	1
2877	3729	1
2877	3752	1
2877	3911	1
2877	4093	1
2877	4207	1
2877	4445	1
2877	4799	1
2877	5139	-1
2877	5320	1
2877	5513	1
2877	5563	1
2877	5604	1
2883	2941	1
2885	2950	1
2885	2975	1
2885	3094	1
2885	3101	1
2885	3151	1
2885	3169	1
2885	3355	1
2885	3357	1
2885	3379	1
2885	3414	1
2885	3457	1
2885	3504	1
2885	3556	1
2885	3574	1
2885	3607	1
2885	3624	1
2885	3744	1
2885	3752	1
2885	3820	1
2885	3959	-1
2885	4045	1
2885	4093	1
2885	4110	1
2885	4116	1
2885	4136	1
2885	4155	1
2885	4172	1
2885	4207	1
2885	4211	1
2885	4236	1
2885	4275	1
2885	4291	1
2885	4349	1
2885	4428	1
2885	4466	1
2885	4495	1
2885	4516	1
2885	4522	1
2885	4537	1
2885	4542	1
2885	4544	1
2885	4553	1
2885	4560	1
2885	4620	1
2885	4673	1
2885	4699	1
2885	5136	1
2885	5492	1
2885	5723	1
2885	5734	1
2885	5794	1
2891	2901	1
2893	2949	1
2894	3997	1
2899	3739	1
2899	4116	1
2899	4278	1
2901	2904	1
2902	3033	1
2902	3151	1
2903	3669	1
2903	3681	1
2903	3682	1
2903	3684	1
2903	3685	1
2909	3151	1
2917	3379	1
2917	3827	1
2917	4207	1
2917	4784	1
2917	4802	1
2917	4942	1
2920	2932	1
2926	3839	1
2926	5270	-1
2931	2963	1
2939	3276	1
2939	3392	1
2939	3574	1
2939	3671	1
2939	3820	1
2939	3833	1
2939	3839	1
2939	3911	1
2939	3959	1
2939	4093	1
2939	4472	1
2940	3815	1
2940	3911	1
2940	4116	1
2940	5513	1
2942	3392	1
2942	4093	1
2943	4701	1
2944	3777	1
2950	3033	1
2950	3578	1
2950	3624	1
2950	3744	1
2950	3760	1
2950	3820	1
2950	3903	1
2950	4116	1
2950	4172	1
2950	4374	1
2950	4522	1
2950	4560	1
2950	4605	1
2950	4784	1
2950	5223	1
2950	5310	1
2950	5513	1
2952	2954	1
2952	3286	1
2952	3465	1
2954	3015	1
2954	3016	1
2954	3019	1
2954	3027	1
2954	3049	1
2954	3050	1
2954	3070	1
2954	3121	1
2954	3150	1
2954	3212	1
2954	3218	1
2954	3286	1
2954	3395	1
2954	3422	1
2954	3452	1
2954	3546	1
2954	3564	1
2954	3576	1
2954	3676	1
2954	3690	1
2954	3837	1
2954	3947	1
2954	3948	1
2954	3963	1
2954	3996	1
2954	4033	1
2954	4215	1
2954	4235	1
2954	4559	1
2954	4906	1
2956	3357	1
2956	3839	1
2956	4093	1
2956	4116	1
2956	4207	1
2959	4133	1
2969	3192	1
2972	3037	1
2973	3803	1
2975	3355	1
2975	3380	1
2975	3911	1
2975	4093	1
2975	4428	1
2975	5223	1
2975	5445	1
2978	3283	1
2979	3021	1
2979	3122	1
2980	3012	1
2980	3023	1
2980	3163	1
2980	3933	1
2982	3099	1
2982	4083	1
2982	4950	1
2994	2999	1
2994	3063	1
2996	3537	1
2997	5512	1
2999	3063	1
3020	3192	1
3020	3264	1
3020	3323	1
3020	3448	1
3020	4611	1
3020	4767	1
3021	3061	1
3021	3272	1
3033	3039	1
3033	3080	1
3033	3126	1
3033	3303	1
3033	3524	1
3033	3578	1
3037	3659	1
3039	3839	1
3039	4278	1
3041	3161	1
3041	3379	1
3041	3820	1
3041	4093	1
3041	4295	1
3041	4605	1
3041	4937	1
3041	5139	1
3047	3258	1
3047	3660	1
3047	3899	1
3053	3165	1
3053	3168	1
3053	3182	1
3054	4125	1
3056	3675	1
3063	3064	1
3063	3065	1
3063	3066	1
3063	3067	1
3063	3068	1
3063	3069	1
3063	3188	1
3063	3853	1
3063	3854	1
3063	3857	1
3063	3859	1
3063	3860	1
3063	3861	1
3063	3863	1
3063	3864	1
3063	3865	1
3063	3866	1
3063	3867	1
3063	3868	1
3063	3869	1
3063	3870	1
3063	3871	1
3063	3872	1
3063	3873	1
3063	3874	1
3063	3875	1
3063	3876	1
3063	3877	1
3063	3878	1
3063	3881	1
3063	3884	1
3063	3885	1
3063	3886	1
3063	3887	1
3063	3888	1
3063	3890	1
3063	3893	1
3063	3988	1
3063	3989	1
3063	3990	1
3063	3991	1
3063	3992	1
3063	3995	1
3063	4253	1
3063	4256	1
3063	4270	1
3063	4272	1
3063	4273	1
3063	4621	1
3063	4622	1
3063	4623	1
3063	4625	1
3063	4626	1
3063	4627	1
3063	4628	1
3063	4629	1
3063	4631	1
3063	4633	1
3063	4634	1
3063	4635	1
3063	4637	1
3063	4638	1
3063	4689	1
3063	4692	1
3063	4693	1
3063	4694	1
3063	4696	1
3063	4697	1
3070	3104	1
3077	4116	1
3082	3085	1
3088	3350	1
3093	3670	1
3094	3151	1
3094	3295	1
3094	3303	1
3094	3640	1
3098	3546	1
3101	4472	1
3101	4846	1
3105	3171	1
3115	3120	1
3118	3839	1
3121	3948	1
3125	3156	1
3125	3191	1
3125	3246	1
3126	4116	1
3126	4414	1
3127	3295	1
3129	3165	1
3129	3178	1
3131	3133	1
3136	3632	1
3139	3252	1
3140	3141	1
3140	3427	1
3141	3387	1
3143	4001	1
3149	4706	1
3151	3251	1
3151	3267	1
3151	3295	1
3151	3303	1
3151	3403	1
3151	3581	1
3151	3927	1
3155	3650	1
3161	3574	1
3161	4207	1
3161	4522	1
3161	4605	1
3161	4742	1
3161	4799	1
3163	4543	1
3165	3166	1
3165	3171	1
3165	3235	1
3168	3248	1
3169	3556	1
3169	3581	1
3169	4116	1
3169	4211	1
3171	3173	1
3171	3176	1
3171	3184	1
3171	3195	1
3171	3196	1
3171	3202	1
3174	4116	1
3178	3205	1
3189	3227	1
3191	3219	1
3192	3193	1
3192	3439	1
3192	4123	1
3192	5545	1
3192	5659	1
3200	3930	1
3201	3205	1
3202	4461	1
3207	4569	1
3210	3379	1
3210	3820	1
3210	4776	1
3215	4424	1
3219	3265	1
3227	3228	1
3228	3248	1
3232	3306	1
3245	3260	1
3248	3261	1
3249	3567	1
3249	4116	1
3249	4207	1
3249	4605	1
3251	3574	1
3251	3911	1
3251	4093	1
3251	4149	1
3253	3839	1
3253	4522	1
3253	4546	1
3259	4560	1
3259	5135	1
3259	5356	1
3259	5585	1
3260	4090	1
3265	3307	1
3267	3276	1
3267	3581	1
3269	3345	1
3272	3290	1
3276	3644	1
3276	3660	1
3276	3752	1
3276	3820	1
3276	3826	1
3276	3842	-1
3276	4093	1
3276	4116	1
3276	4172	1
3276	4207	1
3276	4220	1
3276	4236	1
3276	4472	1
3276	4474	1
3276	5135	1
3276	5356	1
3276	5434	1
3277	3278	1
3278	3320	1
3280	3296	1
3280	3594	1
3282	3312	1
3283	3976	1
3283	4082	1
3283	4120	1
3283	4378	1
3283	4813	1
3288	3387	1
3295	3303	1
3295	3357	1
3295	3373	1
3295	3660	1
3296	3389	1
3298	3466	1
3309	3390	1
3310	3469	1
3318	3820	1
3318	3839	1
3318	4093	1
3318	4472	1
3318	4784	1
3323	3661	1
3326	3570	1
3326	3939	1
3328	3389	1
3332	4036	1
3332	4203	1
3332	4234	1
3332	4299	1
3332	4526	1
3332	4539	1
3333	4802	1
3336	3351	1
3336	3669	1
3336	3702	1
3341	4467	1
3341	5513	1
3342	4151	1
3342	4851	1
3349	4711	1
3350	3446	1
3350	5132	1
3353	4424	1
3355	3357	1
3355	3911	1
3355	4116	1
3355	4560	1
3355	4605	1
3355	4742	1
3355	4776	1
3355	5434	1
3355	5550	1
3355	5859	1
3356	3590	1
3357	3574	1
3357	3660	1
3357	3729	1
3357	3820	1
3357	4116	1
3357	4207	1
3357	4220	1
3357	4280	1
3357	4522	1
3357	4560	1
3357	4699	1
3357	5434	1
3357	5513	1
3357	5604	1
3372	4300	1
3373	3475	1
3373	3650	1
3378	3659	1
3379	3380	1
3379	3550	1
3379	3574	1
3379	3580	1
3379	3639	1
3379	3644	1
3379	3660	1
3379	3706	1
3379	3739	1
3379	3752	1
3379	3801	1
3379	3815	1
3379	3820	1
3379	3826	1
3379	3827	1
3379	3911	1
3379	3927	1
3379	3959	1
3379	4093	1
3379	4116	1
3379	4136	1
3379	4154	1
3379	4207	1
3379	4220	1
3379	4428	1
3379	4445	1
3379	4466	1
3379	4471	1
3379	4482	1
3379	4503	-1
3379	4522	1
3379	4560	1
3379	4776	1
3379	4834	1
3379	4937	1
3379	5135	1
3379	5223	1
3379	5563	1
3379	5585	1
3379	5604	1
3379	5862	1
3380	3392	1
3380	3639	1
3380	3644	1
3380	3729	1
3380	3744	1
3380	3911	1
3380	4207	1
3380	4428	1
3380	4522	1
3380	4742	1
3380	4795	1
3380	4808	1
3380	4834	1
3380	4846	1
3380	4937	1
3380	5135	1
3380	5310	1
3380	5513	1
3387	3446	1
3389	3501	1
3392	3524	-1
3392	3574	1
3392	3739	1
3392	4093	1
3392	4110	1
3392	4116	1
3392	4516	1
3392	4560	1
3392	4605	1
3397	3647	1
3397	5412	1
3397	5503	1
3397	5522	1
3397	5645	1
3397	5647	1
3397	5648	1
3397	5649	1
3397	5688	1
3402	3594	1
3408	3467	1
3410	3411	1
3414	3801	1
3414	4116	1
3415	4151	1
3415	4152	1
3417	3456	1
3417	4269	1
3417	4308	1
3420	3469	1
3425	3478	1
3425	3479	1
3425	3480	1
3425	3482	1
3425	3483	1
3425	3484	1
3427	3811	1
3427	3956	1
3428	3566	1
3431	3447	1
3431	3591	1
3431	5071	1
3433	3436	1
3433	4232	1
3436	3437	1
3437	3438	1
3439	3440	1
3439	3449	1
3439	4049	1
3440	4123	1
3444	3566	1
3448	3449	1
3449	4123	1
3451	3591	1
3454	3809	1
3454	3824	1
3454	4028	1
3454	4095	1
3454	4159	1
3454	4182	1
3454	4232	1
3457	3839	1
3457	4040	1
3457	4116	1
3460	3474	1
3465	3996	1
3466	3553	1
3471	3580	1
3471	3581	1
3471	3827	1
3471	4035	1
3471	4084	1
3471	4116	1
3471	4171	1
3471	4207	1
3471	4247	1
3471	4374	1
3471	4377	1
3471	4560	1
3471	4742	1
3473	4148	1
3475	4102	1
3478	3479	1
3478	3480	1
3478	3482	1
3478	3483	1
3478	3484	1
3478	3488	1
3478	3490	1
3478	3492	1
3478	3493	1
3478	3495	1
3478	3496	1
3482	3488	1
3482	3490	1
3482	3491	1
3487	3997	1
3488	3489	1
3491	3493	1
3491	3495	1
3491	3496	1
3497	3549	1
3497	3552	1
3497	3555	1
3497	3655	1
3497	3673	1
3497	3940	1
3497	3943	1
3498	3565	1
3498	3632	1
3498	3647	1
3498	4300	1
3498	4830	1
3498	4831	1
3498	4914	1
3498	4974	1
3498	5065	1
3498	5347	1
3498	5357	1
3498	5389	1
3498	5412	1
3498	5463	1
3499	3503	1
3500	3509	1
3500	3529	1
3500	3722	1
3504	3530	1
3504	4045	1
3504	4200	1
3504	4268	1
3504	4275	1
3504	4467	1
3504	4472	1
3504	4491	1
3504	4503	-1
3504	4512	1
3504	4606	1
3506	3838	1
3507	5524	1
3507	5544	1
3509	4029	1
3512	3516	1
3516	3517	1
3519	4341	1
3519	4344	1
3524	3567	1
3524	3639	1
3524	3644	1
3524	3752	1
3524	3820	1
3524	3827	1
3524	3911	-1
3524	3978	1
3524	4024	1
3524	4093	1
3524	4116	1
3524	4153	1
3524	4184	1
3524	4207	1
3524	4445	1
3524	4467	1
3524	4698	1
3524	4742	1
3524	4937	1
3524	5135	1
3524	5513	1
3524	5859	1
3524	5860	1
3526	3581	1
3526	3644	1
3526	3739	1
3526	4149	1
3529	5349	1
3535	5569	1
3536	3801	1
3536	4116	1
3537	3966	1
3537	4405	1
3546	3690	1
3546	3947	1
3547	4443	1
3547	4456	1
3554	3663	1
3555	4422	1
3556	3581	1
3556	3671	1
3556	3815	1
3556	3820	1
3556	3911	1
3556	4093	1
3556	4116	1
3556	4183	1
3556	4207	1
3556	4428	1
3565	4769	1
3565	5168	1
3565	5347	1
3565	5389	1
3565	5412	1
3565	5418	1
3565	5432	1
3565	5444	1
3565	5449	1
3565	5456	1
3565	5459	1
3565	5463	1
3565	5474	1
3565	5479	1
3565	5480	1
3565	5495	1
3565	5605	1
3565	5693	1
3565	5703	1
3566	4018	1
3566	4864	1
3567	3959	1
3567	4040	1
3567	4183	1
3567	4184	1
3567	4349	1
3567	4414	1
3567	4505	1
3571	3660	1
3571	3752	1
3573	3592	1
3574	3644	1
3574	3660	1
3574	3734	1
3574	3744	1
3574	3752	1
3574	3826	1
3574	3827	1
3574	3839	1
3574	3959	1
3574	4039	1
3574	4093	1
3574	4110	1
3574	4172	1
3574	4189	1
3574	4207	1
3574	4236	1
3574	4249	1
3574	4339	1
3574	4374	1
3574	4414	1
3574	4445	1
3574	4495	1
3574	4510	1
3574	4560	1
3574	4643	1
3574	4742	1
3574	4776	1
3574	4934	1
3574	5083	1
3574	5201	1
3574	5310	1
3574	5513	1
3578	3660	1
3578	3671	1
3578	3774	1
3578	4084	-1
3580	3660	1
3580	3748	1
3580	4116	1
3580	4522	1
3580	5513	1
3581	3644	1
3581	3660	1
3585	3672	1
3585	3694	1
3585	3919	1
3586	3594	1
3591	3656	1
3591	3683	1
3594	3595	1
3594	3610	1
3594	3611	1
3594	3620	1
3594	3629	1
3594	3630	1
3594	3677	1
3594	3680	1
3594	3689	1
3594	3705	1
3594	3896	1
3594	4015	1
3607	4207	1
3614	3648	1
3622	4207	1
3624	3660	1
3624	3820	1
3624	3839	1
3624	4093	1
3624	4116	1
3624	4153	1
3624	4176	1
3624	4244	1
3624	4276	1
3624	4334	1
3624	4673	1
3624	4854	1
3632	3647	1
3632	3787	1
3632	4300	1
3632	4769	1
3632	5065	1
3632	5306	1
3632	5347	1
3632	5357	1
3632	5412	1
3632	5414	1
3632	5430	1
3632	5433	1
3632	5463	1
3632	5479	1
3632	5480	1
3632	5522	1
3632	5523	1
3632	5551	1
3632	5557	1
3632	5693	1
3632	5699	1
3632	5703	1
3632	5761	1
3639	3752	1
3639	3760	1
3639	3820	1
3639	4207	1
3639	4605	1
3639	5222	1
3639	5310	1
3639	5798	1
3640	3660	1
3640	3911	1
3640	4035	1
3643	4973	1
3644	3660	1
3644	3739	1
3644	3839	1
3644	3899	1
3644	3959	1
3644	4039	1
3644	4040	1
3644	4093	1
3644	4116	1
3644	4128	1
3644	4189	1
3644	4207	1
3644	4249	1
3644	4285	1
3644	4315	1
3644	4324	1
3644	4414	1
3644	4458	-1
3644	4834	1
3644	5206	1
3644	5513	1
3647	3787	1
3647	4300	1
3647	4630	1
3647	4769	1
3647	4830	1
3647	5065	1
3647	5357	1
3647	5389	1
3647	5405	1
3647	5414	1
3647	5430	1
3647	5433	1
3647	5463	1
3647	5480	1
3647	5503	1
3647	5507	1
3647	5515	1
3647	5522	1
3647	5542	1
3647	5558	1
3647	5572	1
3647	5589	1
3647	5623	1
3647	5643	1
3647	5688	1
3647	5720	1
3647	5724	1
3647	5725	1
3647	5753	1
3647	5760	1
3647	5761	1
3648	4019	1
3649	3723	1
3649	3725	1
3649	3907	1
3649	3928	1
3650	3752	1
3650	4093	1
3650	4546	1
3650	4827	1
3656	3657	1
3660	3739	1
3660	3748	1
3660	3774	1
3660	3815	1
3660	3820	1
3660	3839	1
3660	3846	1
3660	3911	1
3660	4009	1
3660	4024	1
3660	4034	1
3660	4035	1
3660	4039	1
3660	4093	1
3660	4102	1
3660	4105	1
3660	4117	1
3660	4128	1
3660	4136	1
3660	4154	1
3663	3727	1
3663	3796	1
3664	3678	1
3668	4771	1
3669	3681	1
3669	3682	1
3671	3849	1
3671	4419	1
3671	4474	1
3671	4546	1
3671	4718	1
3671	4937	1
3671	5310	1
3675	4372	1
3675	4397	1
3675	4918	1
3675	4954	1
3681	3682	1
3681	3684	1
3681	3685	1
3682	3684	1
3682	3685	1
3684	3685	1
3686	3808	1
3687	3688	1
3692	3956	1
3692	4410	1
3694	3708	1
3697	5038	1
3701	3750	1
3701	3786	1
3706	3752	1
3706	3774	1
3706	3833	1
3706	4207	1
3706	4742	1
3720	4373	1
3721	4750	1
3723	3926	1
3728	4005	1
3729	3911	1
3729	4040	1
3729	4116	1
3729	4207	1
3729	4445	1
3729	4784	1
3729	4834	1
3729	5136	1
3729	5270	1
3729	5356	1
3729	5364	1
3729	5429	1
3729	5550	-1
3729	5563	1
3729	5842	1
3729	5860	1
3737	4163	1
3737	4231	1
3737	4307	1
3739	3752	1
3739	3846	1
3739	4093	1
3739	4207	1
3744	3752	1
3744	3777	1
3744	3820	1
3744	3839	1
3744	3899	1
3744	3904	1
3744	3927	1
3744	4045	1
3744	4093	1
3744	4102	1
3744	4110	1
3744	4116	1
3744	4136	1
3744	4154	1
3744	4197	1
3744	4236	1
3744	4257	1
3744	4292	1
3744	4315	1
3744	4742	1
3744	5007	1
3744	5201	1
3745	3822	1
3748	4546	1
3750	3751	1
3750	4050	1
3750	4051	1
3750	4114	1
3751	3997	1
3752	3777	1
3752	3820	1
3752	3826	1
3752	3899	1
3752	3903	1
3752	3911	1
3752	3978	1
3752	4105	1
3752	4116	1
3752	4117	1
3752	4236	1
3752	4280	1
3752	4297	1
3752	4367	1
3752	4414	1
3752	4428	1
3752	4466	1
3752	4522	1
3752	4560	1
3752	4605	1
3752	4846	1
3752	5223	1
3752	5270	1
3752	5429	1
3752	5434	1
3752	5445	1
3752	5563	1
3752	5723	1
3752	5794	1
3753	5707	1
3760	3820	1
3760	3849	1
3760	3911	1
3760	4040	1
3760	4172	1
3760	4176	1
3760	4200	1
3760	4207	1
3760	4220	1
3760	4275	1
3760	4280	1
3760	4285	1
3760	4445	1
3760	4759	1
3767	3905	1
3768	3770	1
3769	3912	1
3770	3807	1
3773	3776	1
3774	3777	1
3774	4620	1
3777	3815	1
3777	4093	1
3777	4154	1
3777	4522	1
3787	5635	1
3787	5760	1
3792	3802	1
3792	4217	1
3794	3795	1
3801	3833	1
3801	3842	1
3801	3911	1
3801	4093	1
3801	4207	1
3801	4280	1
3801	4432	1
3801	4472	1
3801	4519	1
3801	4776	1
3801	4834	1
3801	5428	1
3801	5472	1
3801	5513	1
3803	3837	1
3803	3952	1
3803	4559	1
3803	4903	1
3803	4906	1
3803	4919	1
3803	4994	1
3803	5030	1
3803	5059	1
3803	5073	1
3808	3941	1
3810	3848	1
3810	3924	1
3815	3959	1
3815	4034	1
3815	4297	1
3815	4309	1
3815	4338	1
3815	4349	1
3815	4404	1
3820	3826	1
3820	3849	1
3820	4040	1
3820	4046	1
3820	4052	1
3820	4116	1
3820	4136	1
3820	4197	1
3820	4207	1
3820	4236	1
3820	4244	1
3820	4249	1
3820	4275	1
3820	4285	1
3820	4315	1
3820	4338	1
3820	4414	1
3820	4431	1
3820	4466	1
3820	4499	1
3820	4604	1
3820	4610	1
3820	4673	1
3820	4784	1
3820	4793	1
3820	4922	1
3820	5139	1
3820	5163	1
3820	5187	1
3820	5201	1
3820	5270	1
3820	5310	1
3820	5356	1
3820	5472	1
3820	5513	1
3821	4019	1
3824	4664	1
3826	3827	1
3826	3839	1
3826	4093	1
3826	4200	1
3826	4220	1
3826	4280	1
3826	4553	1
3826	4560	1
3826	5223	1
3827	3899	1
3827	4093	1
3827	4116	1
3827	4154	1
3827	4742	1
3827	5083	1
3833	4560	1
3833	4742	1
3834	3835	1
3837	4064	1
3838	3952	1
3838	3971	1
3839	3849	1
3839	4024	1
3839	4084	1
3839	4093	1
3839	4105	1
3839	4146	1
3839	4149	1
3839	4183	1
3839	4189	1
3839	4278	1
3839	4280	1
3839	4285	1
3839	4295	1
3839	4297	1
3839	4546	1
3840	3930	1
3841	3936	1
3842	4207	1
3842	5120	-1
3842	5364	1
3842	5604	-1
3845	3947	1
3846	4084	1
3847	4605	1
3849	4171	1
3849	4374	1
3849	4431	1
3849	4605	1
3850	4055	1
3851	3912	1
3858	4379	1
3858	4382	1
3858	4383	1
3858	4385	1
3858	4386	1
3858	4387	1
3858	4420	1
3858	4421	1
3858	4442	1
3871	3995	1
3880	4702	1
3883	4625	1
3889	5273	1
3889	5315	1
3889	5318	1
3894	4028	1
3894	4212	1
3894	4241	1
3895	3979	1
3899	4116	1
3899	4330	1
3899	4334	1
3903	4116	1
3904	4093	1
3904	4200	1
3905	4124	1
3909	4018	1
3909	4043	1
3909	4438	1
3911	4009	1
3911	4035	1
3911	4046	1
3911	4052	1
3911	4093	1
3911	4105	-1
3911	4184	1
3911	4207	1
3911	4220	1
3911	4280	1
3911	4297	1
3911	4414	1
3911	4428	1
3911	4431	1
3911	4466	1
3911	4472	1
3911	4522	1
3911	4605	1
3911	4699	1
3911	4776	1
3911	5083	1
3911	5120	1
3911	5135	1
3911	5136	1
3911	5139	1
3911	5223	1
3911	5320	1
3911	5364	1
3911	5434	1
3911	5513	1
3911	5531	1
3912	4066	1
3913	3937	1
3913	3939	1
3922	3947	1
3925	5178	1
3927	4093	1
3927	4117	1
3927	4472	1
3927	4784	1
3927	4849	1
3927	4922	1
3927	5723	1
3928	3930	1
3930	3931	1
3938	3956	1
3945	3965	1
3947	3948	1
3947	3952	1
3947	3960	1
3947	3963	1
3948	3952	1
3952	4303	1
3956	3964	1
3957	4057	1
3959	4136	1
3959	4153	1
3959	4276	1
3959	4285	1
3959	4315	1
3959	4404	1
3959	4510	1
3959	4605	1
3995	4025	1
3996	4027	1
3997	4008	1
4005	4106	1
4005	4402	1
4007	4078	1
4009	4183	1
4009	4546	1
4019	4115	1
4022	4115	1
4026	4085	1
4028	4072	1
4028	4080	1
4028	4182	1
4028	4195	1
4028	4212	1
4028	4222	1
4028	4232	1
4028	4238	1
4028	4356	1
4028	4427	1
4028	4541	1
4028	4664	1
4028	4703	1
4035	4116	1
4035	4207	1
4035	4546	1
4035	4560	1
4036	4526	1
4039	4116	1
4040	4084	1
4040	4197	1
4040	4834	1
4043	4077	1
4046	4093	1
4046	4102	1
4046	4116	1
4046	4522	1
4047	4079	1
4052	4093	1
4060	4195	1
4084	4102	1
4084	4522	1
4090	4125	1
4093	4116	1
4093	4128	1
4093	4153	1
4093	4172	-1
4093	4183	1
4093	4189	1
4093	4197	1
4093	4207	1
4093	4220	1
4093	4249	1
4093	4262	1
4093	4275	1
4093	4276	1
4093	4285	1
4093	4309	1
4093	4315	1
4093	4317	1
4093	4324	1
4093	4334	1
4093	4374	1
4093	4408	1
4093	4414	1
4093	4428	1
4093	4431	1
4093	4466	1
4093	4467	1
4093	4482	1
4093	4495	1
4093	4503	-1
4093	4522	1
4093	4560	1
4093	4698	1
4093	4793	1
4093	4825	1
4093	4846	1
4093	4944	1
4093	5114	1
4093	5120	1
4093	5139	-1
4093	5163	-1
4093	5513	1
4099	4100	1
4100	4109	1
4100	4241	1
4102	4117	1
4105	4117	1
4109	4241	1
4110	4116	1
4110	4207	1
4110	4317	1
4110	4482	1
4110	4522	1
4116	4117	1
4116	4136	1
4116	4146	1
4116	4153	1
4116	4179	1
4116	4188	1
4116	4189	1
4116	4197	1
4116	4207	1
4116	4220	1
4116	4236	1
4116	4244	1
4116	4280	1
4116	4285	1
4116	4334	1
4116	4377	1
4116	4414	1
4116	4428	1
4116	4431	1
4116	4446	1
4116	4471	1
4116	4482	-1
4116	4516	1
4116	4522	1
4116	4540	1
4116	4560	1
4116	4708	1
4116	4715	1
4116	4716	1
4116	4724	1
4116	4742	1
4116	4749	1
4116	4759	1
4116	4776	1
4116	4784	1
4116	4795	1
4116	4799	1
4116	4937	1
4116	5167	1
4116	5223	1
4116	5350	1
4116	5400	1
4116	5403	1
4116	5708	1
4116	5794	1
4117	4374	1
4123	4613	1
4123	4785	1
4124	5365	1
4124	5777	1
4124	5812	1
4124	5819	1
4124	5820	1
4124	5826	1
4124	5827	1
4124	5828	1
4124	5829	1
4124	5832	1
4124	5839	1
4124	5871	1
4128	4428	1
4128	4546	1
4128	4605	1
4128	5310	1
4128	5521	1
4136	4155	1
4136	4168	1
4136	4374	1
4141	4394	1
4145	4237	1
4147	4148	1
4149	4153	1
4156	4243	1
4156	4263	1
4156	4271	1
4162	4177	1
4162	4961	1
4162	5342	1
4169	5379	1
4170	4193	1
4171	4207	1
4172	4317	1
4172	4467	1
4183	4184	1
4183	4220	1
4184	4937	1
4190	4483	1
4194	4195	1
4197	4334	1
4197	4339	1
4197	4546	1
4199	4203	1
4200	4434	1
4200	4510	1
4200	4522	1
4200	4527	1
4200	4643	1
4201	4217	1
4201	4326	1
4201	4382	1
4201	4435	1
4201	4675	1
4201	4817	1
4204	4241	1
4207	4280	1
4207	4285	1
4207	4367	1
4207	4428	1
4207	4431	1
4207	4432	1
4207	4445	1
4207	4466	1
4207	4472	1
4207	4499	1
4207	4503	1
4207	4527	1
4207	4546	1
4207	4560	1
4207	4604	1
4207	4605	1
4207	4620	1
4207	4749	1
4207	4759	1
4207	4776	1
4207	4799	1
4207	4802	1
4207	4854	1
4207	5136	1
4207	5270	1
4207	5310	1
4207	5356	1
4207	5428	1
4207	5429	1
4207	5434	1
4207	5492	1
4207	5513	1
4207	5585	1
4207	5798	1
4211	4236	1
4211	4315	1
4211	4549	1
4211	4605	1
4216	4300	1
4217	4326	1
4217	4381	1
4217	4382	1
4217	4418	1
4217	4421	1
4217	4435	1
4217	4442	1
4217	4709	1
4217	4764	1
4217	4843	1
4217	4844	1
4217	4845	1
4220	4268	1
4220	4349	1
4220	4459	1
4220	4472	1
4220	5135	1
4220	5428	1
4220	5604	1
4224	4231	1
4224	4375	1
4224	4529	1
4224	4691	1
4224	4700	-1
4231	4318	1
4231	4322	1
4231	4375	1
4231	4529	1
4231	4691	1
4231	4700	1
4231	4884	1
4231	4983	1
4231	5033	1
4231	5126	1
4231	5129	1
4231	5189	1
4231	5199	1
4231	5593	1
4236	4276	1
4236	4546	1
4236	4784	1
4236	4793	1
4236	5167	1
4236	5350	1
4236	5708	1
4238	4639	1
4241	4274	1
4246	4313	1
4249	4276	1
4252	4424	1
4254	4320	1
4263	4271	1
4268	4546	1
4268	4605	1
4269	4308	1
4275	4467	1
4275	4472	1
4275	4546	1
4275	4799	1
4276	4546	1
4278	4374	1
4278	4482	1
4280	4428	1
4280	4472	1
4280	4522	1
4280	4546	1
4280	4560	1
4280	4605	1
4280	4620	1
4280	4742	1
4280	4776	1
4280	4784	1
4280	4934	1
4280	5163	1
4280	5310	1
4280	5445	1
4280	5492	1
4280	5550	-1
4281	4321	1
4285	4434	1
4290	4298	1
4294	4607	1
4296	4312	1
4297	4317	1
4297	4560	1
4299	4753	1
4300	4830	1
4300	4831	1
4300	4974	1
4300	5009	1
4300	5065	1
4300	5347	1
4300	5414	1
4300	5461	1
4300	5503	1
4300	5506	1
4300	5507	1
4300	5523	1
4300	5570	1
4304	4748	1
4310	4311	1
4313	4314	1
4313	5150	1
4315	4317	1
4315	4367	1
4315	4414	1
4315	4465	1
4315	4549	1
4315	4568	1
4317	4324	1
4317	4374	1
4317	4408	1
4317	4466	1
4317	4467	1
4317	4495	1
4317	4499	1
4317	4503	1
4317	4505	1
4317	4516	1
4317	4560	1
4321	4328	1
4321	4335	1
4324	4404	1
4326	4436	1
4326	4723	1
4326	4871	1
4326	4904	1
4328	4405	1
4330	4472	1
4332	4515	1
4334	4560	1
4334	4605	1
4339	4522	-1
4339	4546	1
4339	4620	1
4339	5135	1
4347	4348	1
4349	4467	1
4365	4425	1
4367	4374	1
4367	4560	1
4373	4423	1
4373	4646	1
4374	4377	1
4375	4529	1
4377	4482	1
4382	4418	1
4389	4902	1
4395	4397	1
4397	4452	1
4397	4824	1
4408	4472	1
4410	4411	1
4414	4472	1
4414	4546	1
4414	4560	1
4414	4605	1
4414	4776	1
4414	4799	1
4414	4934	1
4414	5135	1
4414	5708	1
4414	5798	1
4420	4723	1
4424	4504	1
4424	4682	1
4424	4781	1
4424	5102	1
4424	5217	1
4424	5509	1
4424	5644	1
4428	4445	1
4428	4466	1
4428	4503	1
4428	4516	1
4428	4522	1
4428	4549	1
4428	4553	1
4428	4560	1
4428	4605	1
4428	4922	1
4428	5310	-1
4428	5492	1
4428	5513	1
4428	5521	1
4431	4472	1
4431	4522	1
4435	4470	1
4435	4564	1
4436	4904	1
4437	4515	1
4438	4439	1
4444	4572	1
4444	4577	1
4444	4578	1
4444	4586	1
4444	4589	1
4444	4594	1
4444	4618	1
4444	4659	1
4445	4466	1
4445	4472	1
4445	4605	1
4445	5135	1
4445	5604	1
4445	5708	1
4445	5798	1
4450	4531	1
4453	4690	1
4453	4902	1
4456	4460	1
4464	4750	1
4464	4953	1
4466	4546	1
4466	4604	1
4466	4742	1
4466	5223	1
4466	5513	1
4466	5604	1
4467	4472	1
4467	4604	1
4467	5163	1
4472	4474	1
4472	4522	1
4472	4784	1
4472	4799	-1
4472	4802	1
4472	4808	1
4472	4825	1
4472	4846	1
4472	5114	1
4472	5604	-1
4475	4476	1
4481	4640	1
4482	4605	1
4483	4492	1
4485	4766	1
4486	4490	1
4490	4515	1
4495	4605	1
4503	4546	1
4503	4793	1
4503	5047	1
4506	4536	1
4511	4567	1
4512	4513	1
4515	4557	1
4516	4553	1
4519	4698	1
4519	5310	1
4522	4605	1
4522	4727	1
4522	4784	1
4522	4808	1
4522	4834	1
4522	4922	1
4522	5047	1
4522	5136	1
4522	5223	1
4522	5270	1
4522	5310	1
4522	5445	1
4522	5708	1
4527	4605	1
4541	4660	1
4546	4610	1
4546	4776	1
4546	4793	1
4546	4795	1
4546	5187	1
4548	4565	1
4556	4557	1
4557	4571	1
4557	4573	1
4557	4574	1
4557	4575	1
4559	4680	1
4559	4801	1
4559	4984	1
4560	4802	1
4560	5047	1
4560	5135	1
4560	5187	1
4560	5223	1
4560	5320	1
4560	5356	1
4560	5364	1
4560	5428	1
4560	5513	1
4560	5708	1
4561	4839	1
4565	4566	1
4565	4572	1
4565	4577	1
4565	4578	1
4565	4584	1
4565	4586	1
4565	4618	1
4565	4644	1
4572	4577	1
4572	4578	1
4572	4584	1
4572	4594	1
4572	4618	1
4572	4644	1
4574	4575	1
4577	4578	1
4577	4584	1
4577	4586	1
4577	4594	1
4577	4644	1
4578	4579	1
4578	4583	1
4578	4586	1
4578	4587	1
4578	4588	1
4578	4594	1
4578	4618	1
4579	4580	1
4579	4584	1
4579	4586	1
4579	4587	1
4579	4588	1
4579	4594	1
4579	4612	1
4579	4644	1
4583	4584	1
4583	4594	1
4583	4618	1
4586	4618	1
4587	4594	1
4587	4612	1
4587	4618	1
4587	4644	1
4587	4655	1
4589	4590	1
4589	4592	1
4589	4593	1
4589	4594	1
4589	4595	1
4589	4597	1
4589	4618	1
4590	4591	1
4590	4593	1
4590	4595	1
4590	4597	1
4590	4599	1
4590	4644	1
4591	4592	1
4591	4593	1
4591	4594	1
4591	4595	1
4591	4597	1
4591	4599	1
4591	4618	1
4591	4644	1
4592	4593	1
4592	4595	1
4592	4597	1
4592	4599	1
4592	4618	1
4592	4644	1
4593	4594	1
4593	4595	1
4593	4597	1
4593	4599	1
4593	4618	1
4594	4595	1
4594	4597	1
4594	4599	1
4594	4644	1
4597	4599	1
4597	4644	1
4597	4654	1
4598	4603	1
4599	4618	1
4599	4644	1
4599	4654	1
4604	4793	1
4605	4643	1
4605	4742	1
4605	4784	1
4605	4827	1
4605	5187	1
4605	5310	1
4608	4609	1
4612	4659	1
4620	4742	1
4620	4776	1
4620	4846	1
4651	4657	1
4652	4653	1
4657	4661	1
4657	4667	1
4664	4883	1
4664	5345	1
4667	4686	1
4667	4688	1
4682	5193	1
4684	4706	1
4685	5174	1
4690	4719	1
4690	4720	1
4690	4721	1
4690	4829	1
4690	4847	1
4690	4856	1
4690	4857	1
4690	4859	1
4690	4860	1
4690	4863	1
4690	4865	1
4690	4866	1
4690	4868	1
4690	4885	1
4698	4749	1
4698	4793	1
4699	4922	1
4706	4741	1
4721	4902	1
4723	5348	1
4725	4728	1
4733	4734	1
4737	5491	1
4738	4988	1
4739	4770	1
4741	4758	1
4742	4749	1
4742	4793	1
4742	4799	-1
4742	4922	1
4742	4934	1
4742	4937	1
4742	5047	1
4742	5167	1
4744	4767	1
4747	5193	1
4748	4771	1
4749	4934	1
4756	4760	1
4761	5010	1
4761	5816	1
4766	4905	1
4768	4778	1
4769	4974	1
4769	5065	1
4769	5225	1
4769	5347	1
4769	5421	1
4769	5444	1
4769	5463	1
4769	5479	1
4769	5495	-1
4769	5527	1
4769	5532	1
4769	5598	1
4769	5634	1
4769	5636	1
4770	4772	1
4771	4792	1
4776	4784	1
4776	4802	1
4776	4922	1
4776	4934	1
4776	5223	1
4776	5310	1
4776	5350	1
4776	5445	1
4776	5513	1
4784	4793	1
4789	5379	1
4793	4934	1
4795	4922	1
4799	4802	1
4805	4806	1
4806	4902	1
4807	4828	1
4808	5223	1
4816	4835	1
4825	5135	1
4830	4831	1
4830	5357	1
4830	5389	1
4830	5412	1
4830	5414	1
4830	5420	1
4830	5431	1
4830	5540	1
4830	5720	1
4831	5525	1
4834	5310	1
4834	5350	1
4834	5550	1
4836	4840	1
4836	4841	1
4840	4904	1
4842	4906	1
4846	5513	1
4847	4865	1
4847	4932	1
4851	4879	1
4851	5011	1
4851	5028	1
4858	4902	1
4861	5730	1
4865	4867	1
4866	5855	1
4867	4932	1
4874	4875	1
4874	4876	1
4874	4877	1
4878	5012	1
4879	4892	1
4889	4891	1
4892	4895	1
4892	4899	1
4895	4900	1
4896	4930	1
4897	4924	1
4897	4925	1
4900	5386	1
4902	4908	1
4902	4935	1
4902	4993	1
4922	4934	1
4934	5135	-1
4936	4938	1
4936	4940	1
4937	4942	1
4938	4941	1
4938	4958	1
4946	4948	1
4948	4989	1
4955	5040	1
4968	4969	1
4968	4975	1
4974	5065	1
4974	5224	1
4974	5347	1
4974	5389	1
4974	5412	1
4974	5430	1
4974	5433	1
4974	5479	1
4974	5514	1
4974	5523	1
4974	5532	1
4974	5597	1
4975	4976	1
4975	4977	1
4975	4978	1
4975	4979	1
4975	4980	1
4975	4981	1
4976	4977	1
4976	4978	1
4976	4979	1
4976	4980	1
4976	4981	1
4977	4980	1
4977	4981	1
4978	4980	1
4978	4981	1
4979	4980	1
4979	4981	1
4980	4981	1
4984	5393	1
4988	5584	1
4989	5037	1
4995	5005	1
4995	5023	1
5029	5051	1
5033	5034	1
5054	5094	1
5054	5159	1
5063	5260	1
5065	5357	1
5065	5430	1
5065	5444	1
5083	5434	1
5088	5424	1
5088	5638	1
5094	5100	1
5094	5103	1
5101	5105	1
5101	5106	1
5101	5108	1
5101	5112	1
5103	5123	1
5105	5106	1
5108	5109	1
5109	5110	1
5110	5111	1
5120	5136	1
5120	5550	1
5123	5124	1
5135	5163	1
5135	5320	1
5135	5356	1
5135	5364	1
5135	5513	1
5135	5585	1
5135	5604	1
5135	5708	1
5136	5139	1
5136	5201	1
5143	5145	1
5145	5147	1
5147	5148	1
5150	5154	1
5153	5159	1
5157	5158	1
5157	5412	1
5157	5426	1
5159	5304	1
5159	5305	1
5159	5326	1
5159	5341	1
5159	5353	1
5163	5310	1
5167	5270	1
5167	5513	1
5176	5185	1
5193	5197	1
5193	5209	1
5203	5216	1
5203	5217	1
5219	5252	1
5223	5270	1
5223	5434	1
5223	5492	1
5223	5563	1
5224	5412	1
5225	5412	1
5252	5355	1
5260	5318	1
5266	5297	1
5274	5328	1
5275	5349	1
5290	5367	1
5291	5348	1
5310	5350	1
5310	5434	1
5315	5327	1
5315	5330	1
5318	5788	1
5320	5604	1
5321	5322	1
5322	5323	1
5322	5327	1
5324	5363	1
5335	5339	1
5346	5776	1
5347	5412	1
5357	5389	1
5357	5412	1
5357	5414	1
5357	5699	1
5364	5473	1
5365	5689	1
5365	5819	1
5365	5820	1
5367	5373	1
5378	5448	1
5379	5422	1
5379	5423	1
5379	5436	1
5379	5447	1
5379	5454	1
5379	5497	1
5379	5498	1
5379	5499	1
5379	5510	1
5382	5487	1
5382	5488	1
5382	5489	1
5382	5490	1
5383	5388	1
5383	5396	1
5385	5401	1
5386	5391	1
5389	5412	1
5389	5414	1
5389	5420	1
5389	5430	1
5389	5502	1
5389	5503	1
5389	5514	1
5389	5522	1
5389	5792	1
5396	5397	1
5399	5471	1
5407	5411	1
5410	5511	1
5412	5414	1
5412	5514	1
5412	5551	1
5412	5583	1
5413	5719	1
5413	5773	1
5414	5420	1
5414	5430	1
5414	5540	1
5414	5551	1
5414	5612	1
5414	5655	1
5415	5551	1
5419	5463	1
5420	5431	1
5421	5505	1
5430	5433	1
5430	5503	1
5430	5540	1
5430	5551	1
5430	5688	1
5430	5693	1
5434	5513	1
5434	5708	1
5436	5454	1
5443	5578	1
5443	5669	1
5445	5473	1
5445	5492	1
5447	5454	1
5455	5681	1
5457	5458	1
5457	5460	1
5460	5596	1
5468	5726	1
5474	5507	1
5479	5695	1
5480	5572	1
5480	5626	1
5480	5720	1
5480	5724	-1
5480	5725	1
5480	5753	1
5491	5519	1
5492	5567	1
5497	5529	1
5497	5552	1
5497	5553	1
5503	5522	1
5503	5557	1
5503	5647	1
5503	5688	1
5503	5716	1
5507	5522	1
5507	5557	1
5507	5688	1
5507	5714	1
5507	5806	1
5510	5511	1
5513	5604	1
5514	5522	1
5519	5520	1
5520	5555	1
5520	5717	1
5522	5557	1
5522	5647	1
5522	5688	1
5522	5716	1
5529	5561	1
5533	5582	1
5533	5610	1
5537	5544	1
5544	5554	1
5545	5658	1
5546	5574	1
5546	5680	1
5546	5685	1
5551	5611	1
5551	5690	1
5557	5688	1
5561	5562	1
5583	5636	1
5585	5604	1
5596	5683	1
5610	5618	1
5618	5620	1
5618	5621	1
5644	5646	1
5644	5728	1
5645	5647	1
5645	5648	1
5645	5649	1
5645	5671	1
5647	5648	1
5648	5649	1
5648	5671	1
5650	5706	1
5683	5701	1
5693	5879	1
5706	5730	1
5712	5727	1
5719	5773	1
5723	5862	1
5729	5730	1
5730	5783	1
5730	5785	1
5730	5786	1
5730	5787	1
5737	5740	1
5758	5765	1
5777	5819	1
5798	5860	1
5805	5846	1
5812	5819	1
5819	5820	1
5819	5832	1
5820	5826	1
5826	5828	1
5826	5836	1
5826	5873	1
5827	5828	1
5827	5831	1
5832	5835	1
5837	5848	1
5842	5860	1
5846	5847	1
5877	5878	1
