1	1028	1
1	1282	1
1	1290	1
1	1309	1
1	1316	1
1	1445	1
1	1542	1
1	1724	1
1	1835	1
1	1842	1
1	1843	1
1	1952	1
1	2119	1
1	2129	1
1	2136	1
1	2144	1
1	2147	1
1	2167	1
1	2217	1
1	2227	1
1	2252	1
1	2305	1
1	2315	1
1	2342	1
1	2352	1
1	2367	1
1	2586	1
1	2619	1
1	2725	1
1	2731	1
1	2744	1
1	2746	1
1	2764	1
1	2808	1
1	2810	1
1	2823	1
1	2898	1
1	2942	1
1	2945	1
1	2962	1
1	2989	1
1	3013	1
1	3026	1
1	3027	1
1	3048	1
1	3083	1
1	3142	1
1	3215	1
1	3259	1
1	3283	1
1	3298	1
1	3300	1
1	3316	1
1	3319	1
1	3332	1
1	3355	1
1	3414	1
2	3	1
2	5	1
2	7	1
2	8	1
2	9	1
2	10	1
2	11	-1
2	17	1
2	19	1
2	20	1
2	21	1
2	22	1
2	24	1
2	25	1
2	30	1
2	31	1
2	37	1
2	39	1
2	40	1
2	44	1
2	47	1
2	58	1
2	62	1
2	65	1
2	67	1
2	70	1
2	73	1
2	75	1
2	77	1
2	83	1
2	85	1
2	87	1
2	89	1
2	90	1
2	95	1
2	106	1
2	107	1
2	111	1
2	137	1
2	140	1
2	146	1
2	150	1
2	159	1
2	165	1
2	166	1
2	177	1
2	179	1
2	185	1
2	188	1
2	190	1
2	211	1
2	216	1
2	219	1
2	222	1
2	238	1
2	242	1
2	244	1
2	249	1
2	250	1
2	272	1
2	277	1
2	306	1
2	348	1
2	350	1
2	544	1
2	585	1
2	647	1
2	1691	1
2	1785	1
3	5	1
3	6	1
3	7	1
3	8	1
3	10	1
3	12	1
3	19	1
3	21	1
3	24	1
3	26	1
3	27	1
3	30	1
3	33	-1
3	34	1
3	36	1
3	40	1
3	42	1
3	43	1
3	53	1
3	56	1
3	72	1
3	81	1
3	87	1
3	88	1
3	90	1
3	93	1
3	103	1
3	105	1
3	107	1
3	111	1
3	115	1
3	116	1
3	120	1
3	123	1
3	124	1
3	125	1
3	135	1
3	136	1
3	154	1
3	158	1
3	162	1
3	163	1
3	172	-1
3	173	1
3	177	1
3	197	1
3	199	1
3	219	1
3	227	1
3	228	1
3	242	1
3	244	1
3	247	1
3	259	1
3	262	1
3	266	1
3	288	1
3	290	1
3	295	1
3	296	1
3	320	1
3	331	1
3	333	1
3	336	1
3	345	1
3	351	1
3	394	1
3	396	1
3	492	1
3	545	1
3	632	1
3	638	1
3	641	1
3	703	1
3	815	1
3	818	1
3	876	1
3	937	1
3	1056	1
3	1064	1
3	1184	1
3	1360	1
3	3472	1
4	54	1
4	74	1
4	84	1
4	91	1
4	109	1
4	113	1
4	119	1
4	148	1
4	168	1
4	181	1
4	215	1
4	236	1
4	237	1
4	270	1
4	312	1
4	313	1
4	323	1
4	353	1
4	379	1
4	380	1
4	439	1
4	449	1
4	512	1
4	521	1
4	531	1
4	532	1
4	561	1
4	626	1
4	711	1
4	768	1
4	840	1
4	1054	1
4	1087	1
4	1209	1
4	1634	1
4	1678	1
4	2002	1
4	2017	1
4	2024	1
4	2439	1
4	2442	1
4	2465	1
4	2485	1
4	2492	1
4	2511	1
4	2740	1
4	2868	1
4	3580	1
4	3731	1
5	6	1
5	8	1
5	12	1
5	22	1
5	24	1
5	27	1
5	30	1
5	31	1
5	32	1
5	33	1
5	36	1
5	42	1
5	47	1
5	49	1
5	53	1
5	58	1
5	67	1
5	82	1
5	85	1
5	88	1
5	92	1
5	93	1
5	97	1
5	100	1
5	115	1
5	118	1
5	120	1
5	135	1
5	136	1
5	146	1
5	154	1
5	156	1
5	163	1
5	172	1
5	191	1
5	198	1
5	203	1
5	222	1
5	242	1
5	245	1
5	250	1
5	255	-1
5	262	1
5	280	1
5	289	1
5	291	1
5	292	1
5	310	1
5	335	1
5	336	1
5	391	1
5	395	1
5	484	1
5	557	1
5	641	1
5	684	1
5	706	1
5	759	-1
5	801	1
5	818	1
5	1065	1
5	1378	1
6	7	1
6	8	1
6	11	1
6	12	1
6	19	1
6	20	1
6	25	1
6	27	1
6	29	1
6	30	1
6	31	1
6	36	1
6	40	1
6	43	1
6	44	1
6	47	1
6	49	1
6	53	1
6	56	1
6	59	1
6	75	1
6	90	-1
6	92	1
6	95	1
6	100	1
6	106	1
6	112	1
6	115	1
6	116	1
6	124	1
6	133	1
6	162	1
6	177	-1
6	185	1
6	190	1
6	207	1
6	208	1
6	244	1
6	245	1
6	266	1
6	278	1
6	280	1
6	330	1
6	331	1
6	394	1
6	492	1
6	526	1
6	545	1
6	632	1
6	638	1
6	706	1
6	750	1
6	815	1
6	818	1
6	1056	1
6	1064	1
6	1152	1
6	1346	1
6	1566	1
7	8	1
7	11	-1
7	19	1
7	24	1
7	25	1
7	27	1
7	29	1
7	30	1
7	34	1
7	36	1
7	40	1
7	42	1
7	47	1
7	51	1
7	58	1
7	62	1
7	70	1
7	75	1
7	83	1
7	87	1
7	95	1
7	100	1
7	110	1
7	111	1
7	115	1
7	123	1
7	124	1
7	142	-1
7	145	1
7	146	1
7	150	1
7	156	1
7	165	1
7	172	1
7	173	1
7	174	1
7	177	-1
7	179	1
7	190	1
7	191	1
7	197	1
7	244	-1
7	253	1
7	266	1
7	272	1
7	296	1
7	306	1
7	318	1
7	319	1
7	321	-1
7	371	1
7	391	1
7	417	1
7	492	1
7	523	1
7	596	1
7	638	1
7	645	1
7	650	1
7	666	1
7	684	1
7	686	1
7	687	1
7	750	1
7	801	1
7	946	1
7	1064	1
7	1152	1
7	1162	1
7	1310	1
7	1346	1
7	1360	1
7	3465	1
7	3472	1
8	10	1
8	11	1
8	21	1
8	24	1
8	25	1
8	26	1
8	29	1
8	30	1
8	33	1
8	36	1
8	51	1
8	59	1
8	62	1
8	66	1
8	78	-1
8	95	1
8	106	1
8	107	-1
8	110	1
8	112	1
8	118	1
8	120	1
8	124	1
8	128	1
8	133	1
8	154	1
8	166	1
8	174	1
8	205	1
8	227	1
8	229	-1
8	242	-1
8	266	1
8	284	1
8	287	1
8	288	1
8	295	1
8	306	1
8	308	1
8	318	1
8	319	-1
8	331	-1
8	333	1
8	336	1
8	360	-1
8	362	1
8	395	-1
8	396	1
8	487	1
8	492	-1
8	523	1
8	585	-1
8	641	1
8	645	1
8	748	1
8	801	1
8	807	1
8	937	1
8	1043	-1
8	1346	-1
8	1566	1
8	1691	1
8	2921	1
8	2955	1
8	3018	1
8	3028	1
8	3116	1
8	3131	1
8	3159	1
8	3465	1
9	11	1
9	14	1
9	17	1
9	19	1
9	20	1
9	21	1
9	22	1
9	24	1
9	26	1
9	32	1
9	33	1
9	37	1
9	40	1
9	42	1
9	51	1
9	52	1
9	65	1
9	66	1
9	67	1
9	70	1
9	75	1
9	77	1
9	83	1
9	107	1
9	111	1
9	122	1
9	123	1
9	133	1
9	135	1
9	145	1
9	146	1
9	154	1
9	156	1
9	159	1
9	165	1
9	177	1
9	185	-1
9	193	1
9	196	1
9	197	1
9	203	1
9	211	1
9	219	1
9	256	1
9	272	1
9	284	1
9	287	-1
9	295	1
9	304	1
9	315	1
9	329	1
9	348	1
9	491	1
9	632	1
9	638	1
10	11	1
10	17	1
10	24	1
10	26	1
10	29	1
10	33	1
10	37	1
10	39	1
10	41	1
10	42	1
10	44	1
10	52	1
10	56	1
10	58	1
10	62	1
10	65	1
10	66	1
10	67	1
10	73	1
10	75	1
10	77	1
10	88	1
10	89	1
10	92	1
10	93	1
10	97	1
10	103	1
10	118	1
10	137	1
10	140	1
10	142	1
10	145	1
10	156	1
10	159	1
10	166	1
10	174	1
10	177	-1
10	179	1
10	185	1
10	187	1
10	190	1
10	222	1
10	249	1
10	259	1
10	277	1
10	296	1
10	315	1
10	318	1
10	319	1
10	320	1
10	413	1
10	482	1
10	487	1
10	492	1
10	686	1
10	695	1
10	941	1
11	12	1
11	17	1
11	19	1
11	20	1
11	21	1
11	24	1
11	26	1
11	29	1
11	30	1
11	32	1
11	34	1
11	39	1
11	41	1
11	43	1
11	47	1
11	49	1
11	51	1
11	65	1
11	66	1
11	70	1
11	72	1
11	78	1
11	82	1
11	83	1
11	85	-1
11	87	1
11	90	1
11	93	1
11	95	1
11	100	1
11	103	1
11	105	1
11	116	1
11	122	1
11	123	1
11	124	1
11	125	1
11	128	1
11	131	1
11	133	1
11	135	1
11	145	1
11	150	1
11	154	1
11	155	1
11	162	1
11	166	1
11	173	1
11	177	-1
11	185	1
11	187	1
11	190	1
11	191	-1
11	193	1
11	196	1
11	197	1
11	198	1
11	203	1
11	205	1
11	207	1
11	211	1
11	216	1
11	228	1
11	242	1
11	245	1
11	255	1
11	262	1
11	267	1
11	272	1
11	277	1
11	290	1
11	292	1
11	304	1
11	308	1
11	310	1
11	318	1
11	345	1
11	348	1
11	360	1
11	398	1
11	411	1
11	412	1
11	482	1
11	487	1
11	491	1
11	550	1
11	647	1
11	687	1
11	759	1
11	1145	1
12	19	1
12	21	1
12	27	1
12	31	1
12	32	1
12	33	1
12	34	1
12	36	1
12	40	1
12	44	1
12	47	1
12	49	1
12	59	1
12	73	1
12	81	1
12	82	1
12	92	1
12	93	1
12	97	1
12	100	1
12	116	1
12	120	1
12	123	1
12	125	1
12	154	1
12	156	1
12	157	1
12	158	1
12	163	1
12	172	1
12	174	1
12	191	1
12	229	1
12	241	1
12	245	1
12	247	1
12	280	1
12	288	1
12	289	1
12	290	1
12	321	1
12	351	1
12	391	1
12	395	1
12	397	1
12	484	1
12	822	1
12	904	1
12	983	1
12	1043	1
12	1064	1
12	1065	1
12	1162	1
13	1368	1
13	1810	1
13	1817	1
13	1819	1
13	2243	1
13	2275	1
13	2277	1
13	2283	1
13	2288	1
13	2290	1
13	2386	1
13	3036	1
13	3037	1
13	3038	1
13	3045	1
13	3046	1
13	3047	1
13	3051	1
13	3054	1
13	3056	1
13	3060	1
13	3061	1
13	3072	1
13	3073	1
13	3076	1
13	3089	1
13	3119	1
13	3144	1
13	3241	1
13	3469	1
13	3582	1
14	17	1
14	20	1
14	22	1
14	24	1
14	27	1
14	31	1
14	37	1
14	40	1
14	42	1
14	47	1
14	51	1
14	65	1
14	67	1
14	77	1
14	97	1
14	107	1
14	122	1
14	142	1
14	159	1
14	177	1
14	197	1
14	211	1
14	267	1
14	277	1
14	482	1
14	484	1
15	35	1
15	64	1
15	86	1
15	94	1
15	96	1
15	98	1
15	104	1
15	114	1
15	126	1
15	192	1
15	230	1
15	233	1
15	269	1
15	279	1
15	281	1
15	337	1
15	352	1
15	375	1
15	376	1
15	498	1
15	499	1
15	558	1
15	605	1
15	651	1
15	653	1
15	766	1
15	824	1
15	832	1
15	897	1
15	900	1
15	906	1
15	953	1
15	1070	1
15	1074	1
15	1075	1
15	1202	1
15	1208	1
15	1385	1
15	1386	1
15	1387	1
15	1390	1
15	1396	1
15	1599	1
15	1891	1
15	1894	1
15	1904	1
15	1905	1
15	1906	1
15	2289	1
15	2293	1
15	2312	1
15	2417	1
15	2422	1
15	2428	1
15	2431	1
15	2432	1
15	2434	1
15	2436	1
15	2437	1
15	3372	-1
15	3410	1
15	3451	1
15	3494	1
15	3504	-1
15	3514	-1
15	3565	-1
16	567	1
16	842	1
16	981	1
16	1091	1
16	1174	1
16	1286	1
16	1610	1
16	1664	1
16	1925	1
16	1983	1
16	2001	1
16	2003	1
16	2206	1
16	2445	1
16	2556	1
16	2565	1
16	2930	1
16	2944	1
16	2950	1
16	3194	1
17	20	1
17	26	1
17	31	1
17	39	1
17	40	1
17	47	1
17	48	1
17	51	1
17	65	1
17	66	1
17	70	1
17	75	1
17	88	1
17	97	1
17	107	1
17	122	1
17	133	1
17	135	1
17	137	1
17	142	1
17	156	1
17	159	1
17	166	1
17	188	1
17	197	1
17	203	1
17	219	1
17	255	1
17	272	1
17	277	1
17	284	1
17	287	1
17	306	1
17	315	1
17	350	1
17	360	1
17	411	1
17	544	1
17	686	1
17	748	1
17	807	1
17	946	1
17	1691	1
17	1785	1
18	868	1
18	1170	1
18	1305	1
18	1306	1
18	1442	1
18	1564	1
18	1800	1
18	2106	1
18	2200	1
18	2228	1
18	2247	1
18	2690	1
18	2693	1
18	2803	1
18	2961	1
18	3053	1
19	22	1
19	24	1
19	26	1
19	27	1
19	29	1
19	30	1
19	33	1
19	34	1
19	43	1
19	49	1
19	53	1
19	58	1
19	59	1
19	72	1
19	73	1
19	82	1
19	85	1
19	87	1
19	88	1
19	92	1
19	97	1
19	110	1
19	116	1
19	118	1
19	125	1
19	128	1
19	145	1
19	154	1
19	163	1
19	173	1
19	207	1
19	241	1
19	245	1
19	250	1
19	259	1
19	262	1
19	291	1
19	292	1
19	321	1
19	335	1
19	398	1
19	647	1
19	666	1
19	818	1
19	1184	1
20	22	1
20	30	1
20	31	1
20	37	1
20	41	1
20	52	1
20	65	1
20	66	1
20	70	1
20	83	1
20	88	1
20	90	1
20	122	1
20	155	1
20	177	-1
20	188	1
20	198	1
20	241	1
20	267	1
20	272	1
20	304	1
20	491	1
20	807	1
21	22	1
21	25	1
21	30	1
21	33	1
21	37	1
21	40	1
21	41	1
21	48	1
21	51	1
21	70	1
21	78	1
21	83	1
21	85	1
21	89	1
21	100	1
21	110	1
21	157	1
21	173	1
21	185	1
21	197	1
21	205	1
21	211	1
21	266	1
21	277	1
21	295	1
21	319	1
21	329	1
21	348	1
21	350	1
21	360	1
21	585	1
21	748	1
21	807	1
21	946	1
21	1152	1
21	3465	1
22	24	1
22	26	1
22	31	1
22	33	1
22	39	1
22	40	1
22	41	1
22	43	1
22	44	1
22	47	1
22	51	1
22	66	1
22	67	1
22	70	1
22	75	1
22	90	1
22	103	1
22	106	1
22	110	1
22	122	1
22	124	1
22	131	1
22	133	1
22	135	1
22	140	1
22	145	1
22	150	1
22	159	1
22	165	1
22	166	1
22	179	1
22	185	1
22	188	1
22	196	1
22	203	1
22	255	1
22	272	1
22	284	1
22	306	1
22	330	1
22	396	1
22	487	1
22	491	1
22	641	1
22	703	1
23	607	1
23	710	1
23	843	1
23	932	1
23	1080	1
23	1082	1
23	1398	1
23	1402	1
23	1416	1
23	1911	1
23	1919	1
23	2441	1
23	2443	1
23	2447	1
24	25	1
24	26	1
24	29	1
24	31	1
24	33	1
24	34	1
24	36	1
24	42	1
24	44	1
24	47	1
24	49	1
24	51	1
24	67	1
24	70	1
24	72	1
24	73	1
24	77	1
24	83	1
24	85	1
24	88	1
24	90	-1
24	93	1
24	107	1
24	110	1
24	124	1
24	125	1
24	133	1
24	145	1
24	154	1
24	159	1
24	166	1
24	173	1
24	177	1
24	185	1
24	190	-1
24	205	1
24	211	1
24	229	1
24	249	1
24	345	1
24	371	1
24	411	1
24	412	1
24	703	1
24	818	1
24	1691	1
24	3465	1
25	26	1
25	29	1
25	31	1
25	32	1
25	37	1
25	41	1
25	43	1
25	47	1
25	52	1
25	53	1
25	78	1
25	90	1
25	95	1
25	115	1
25	122	1
25	124	1
25	133	1
25	140	1
25	142	1
25	145	1
25	166	1
25	172	1
25	177	-1
25	190	1
25	228	1
25	244	1
25	249	1
25	265	1
25	284	1
25	329	1
25	395	1
25	396	1
25	487	1
25	492	1
25	523	1
25	641	1
25	801	1
25	813	1
25	876	1
25	1165	1
25	1788	1
26	27	1
26	29	1
26	32	1
26	34	1
26	39	1
26	47	1
26	51	1
26	52	1
26	58	1
26	59	-1
26	62	1
26	67	1
26	83	1
26	85	1
26	88	1
26	93	1
26	95	1
26	100	1
26	105	1
26	111	1
26	112	1
26	116	1
26	125	1
26	133	1
26	142	1
26	145	1
26	155	1
26	157	1
26	172	1
26	173	1
26	187	1
26	191	1
26	207	1
26	211	1
26	216	1
26	219	1
26	229	1
26	242	1
26	244	1
26	245	1
26	247	1
26	262	1
26	266	1
26	272	1
26	277	1
26	284	1
26	295	1
26	308	1
26	315	1
26	318	1
26	330	1
26	331	1
26	350	1
26	391	1
26	411	1
26	632	1
26	666	1
26	684	1
26	748	1
26	1378	1
26	3465	1
27	29	1
27	30	1
27	34	1
27	36	1
27	47	1
27	58	1
27	67	1
27	82	1
27	87	1
27	88	1
27	110	1
27	123	1
27	125	1
27	177	1
27	199	1
27	222	1
27	253	1
27	267	1
27	280	1
27	290	1
27	321	1
27	333	1
27	336	1
27	492	1
27	557	1
27	641	1
27	706	1
27	937	1
27	1346	1
27	1566	1
28	195	1
28	254	1
28	322	1
28	408	1
28	677	1
28	1117	1
28	1120	1
28	1267	1
28	1458	1
28	1674	1
28	2022	1
28	2028	1
28	2585	1
28	2602	1
28	2604	1
28	2620	1
29	33	1
29	34	1
29	53	1
29	58	1
29	83	1
29	85	1
29	89	1
29	106	1
29	110	1
29	111	1
29	123	1
29	124	1
29	125	1
29	135	1
29	136	1
29	142	1
29	155	1
29	158	1
29	174	1
29	177	-1
29	205	1
29	207	1
29	208	1
29	222	1
29	228	1
29	242	1
29	249	1
29	278	1
29	280	1
29	287	1
29	319	1
29	360	1
29	491	1
29	526	1
29	684	1
29	983	1
29	3465	1
30	31	1
30	32	1
30	36	1
30	41	1
30	42	1
30	43	1
30	47	1
30	53	1
30	56	1
30	58	1
30	82	1
30	90	1
30	103	1
30	111	1
30	112	1
30	116	1
30	123	1
30	124	1
30	159	1
30	162	1
30	172	1
30	173	1
30	177	-1
30	179	1
30	188	1
30	197	1
30	198	1
30	207	1
30	228	1
30	244	1
30	245	1
30	256	-1
30	278	1
30	308	1
30	318	1
30	319	1
30	320	1
30	345	1
30	412	1
30	487	1
30	523	1
30	703	1
30	1043	1
30	1184	1
30	1346	1
30	3465	1
30	3472	1
31	37	1
31	42	1
31	47	1
31	58	1
31	59	1
31	65	1
31	82	-1
31	85	1
31	95	1
31	97	1
31	105	1
31	131	1
31	136	1
31	137	1
31	140	1
31	146	1
31	177	-1
31	188	1
31	219	1
31	222	-1
31	250	1
31	278	1
31	306	1
31	345	1
31	412	1
31	429	1
32	34	1
32	40	1
32	49	1
32	58	1
32	59	1
32	66	1
32	67	1
32	70	1
32	88	1
32	95	1
32	105	1
32	107	1
32	118	1
32	124	1
32	136	1
32	142	1
32	154	1
32	166	1
32	173	1
32	177	-1
32	185	1
32	190	1
32	203	1
32	245	1
32	265	1
32	287	1
32	371	1
32	941	1
32	1064	1
33	34	1
33	42	1
33	43	1
33	48	1
33	58	1
33	65	1
33	70	1
33	77	1
33	81	1
33	87	1
33	88	1
33	95	1
33	105	1
33	111	1
33	115	1
33	137	1
33	146	1
33	154	1
33	177	1
33	199	1
33	208	1
33	228	1
33	244	1
33	253	1
33	255	1
33	290	1
33	295	1
33	320	1
33	350	1
33	362	1
33	482	1
33	544	1
33	550	1
33	703	1
34	36	1
34	43	1
34	58	1
34	59	1
34	81	1
34	85	1
34	88	1
34	92	1
34	116	1
34	118	1
34	120	1
34	123	1
34	128	1
34	131	1
34	154	1
34	158	1
34	197	1
34	205	1
34	207	1
34	208	1
34	247	1
34	249	1
34	288	1
34	290	1
34	291	1
34	292	1
34	308	1
34	320	1
34	351	1
34	397	1
34	398	1
34	585	1
34	983	1
35	64	1
35	86	1
35	94	1
35	98	1
35	104	1
35	126	1
35	192	1
35	233	1
35	269	1
35	279	-1
35	281	1
35	375	1
35	824	1
35	832	1
35	900	1
35	1385	1
35	1386	1
35	1590	1
35	1597	1
35	1894	1
35	2289	1
35	2336	1
35	2436	1
35	3494	1
35	3514	1
36	42	1
36	47	1
36	49	1
36	56	1
36	58	1
36	81	1
36	82	1
36	83	1
36	85	1
36	95	-1
36	103	1
36	116	1
36	118	1
36	122	1
36	124	1
36	136	1
36	155	1
36	172	1
36	177	1
36	197	1
36	207	1
36	227	1
36	247	1
36	290	1
36	291	1
36	292	1
36	310	1
36	336	1
36	351	1
36	557	1
36	585	1
36	759	1
36	801	1
36	815	1
36	822	1
36	983	1
36	1184	1
36	1378	1
37	40	1
37	66	1
37	75	1
37	89	1
37	97	1
37	140	1
37	159	1
37	166	1
38	1483	1
38	1489	1
38	1493	1
38	1520	1
38	1728	1
38	2162	1
38	2232	1
38	2313	1
38	2577	1
38	2807	1
38	2840	1
38	2841	1
38	2853	1
38	2914	1
38	3044	1
38	3310	1
38	3571	1
39	48	1
39	52	1
39	70	1
39	75	1
39	90	1
39	137	1
39	163	1
39	255	1
39	272	1
39	484	1
39	1145	1
40	44	1
40	65	1
40	90	1
40	92	1
40	95	1
40	97	1
40	103	1
40	123	1
40	128	1
40	177	1
40	198	1
40	256	1
41	42	1
41	47	1
41	51	1
41	66	1
41	67	1
41	75	1
41	89	1
41	97	1
41	106	1
41	122	1
41	136	1
41	137	1
41	142	1
41	154	1
41	177	1
41	187	1
41	190	1
41	203	1
41	205	1
41	266	1
41	319	1
41	350	1
41	360	1
41	371	1
41	391	1
41	394	1
41	395	1
41	411	1
41	490	1
41	491	1
41	550	1
41	686	1
41	876	1
41	941	1
41	1162	1
41	3465	1
42	43	1
42	48	1
42	51	1
42	58	1
42	62	1
42	66	1
42	83	1
42	85	1
42	87	1
42	90	1
42	95	1
42	136	1
42	145	1
42	155	1
42	174	1
42	177	1
42	187	1
42	315	1
42	412	1
42	822	1
42	1065	1
43	49	1
43	58	1
43	67	1
43	82	1
43	85	1
43	88	1
43	90	1
43	95	1
43	118	1
43	122	1
43	125	1
43	135	1
43	137	1
43	142	1
43	145	1
43	154	1
43	156	1
43	165	1
43	172	1
43	173	-1
43	174	1
43	177	-1
43	190	1
43	203	1
43	244	1
43	306	1
43	319	1
43	491	1
43	748	1
43	1162	1
43	1310	1
44	49	1
44	58	1
44	77	1
44	82	1
44	100	1
44	106	1
44	131	1
44	156	1
44	163	1
44	249	1
44	632	1
45	152	1
45	312	1
45	353	1
45	389	1
45	404	1
45	438	1
45	466	1
45	531	1
45	768	1
45	1076	1
45	1634	1
46	127	1
46	435	1
46	456	1
46	810	1
46	881	1
46	964	1
46	1172	1
46	1335	1
46	1530	1
46	1808	1
46	1827	1
46	2258	1
46	2261	1
46	2267	1
46	2270	1
46	2278	1
46	2279	1
46	2284	1
46	2718	1
46	3015	1
46	3032	1
46	3035	1
46	3063	1
46	3102	1
46	3174	1
46	3303	1
46	3308	1
47	66	1
47	78	1
47	83	1
47	150	1
47	159	1
47	163	1
47	185	1
47	197	1
47	211	1
47	255	1
47	272	1
47	280	1
47	371	1
47	487	1
48	66	1
48	72	1
48	75	1
48	77	1
48	90	1
48	131	1
48	137	1
49	81	1
49	88	1
49	93	1
49	105	1
49	111	1
49	115	1
49	123	1
49	125	1
49	141	1
49	145	1
49	156	1
49	158	1
49	177	-1
49	190	1
49	242	1
49	250	1
49	280	1
49	289	1
49	290	1
49	310	1
49	526	1
49	545	1
49	596	1
49	650	1
49	666	1
49	759	1
49	1064	1
49	1378	1
50	263	1
50	406	1
50	1004	1
50	1284	1
50	1428	1
50	1755	1
50	1756	1
50	1948	1
50	1975	1
50	2880	1
50	2883	1
51	62	1
51	65	1
51	67	1
51	70	1
51	75	1
51	83	1
51	107	1
51	116	1
51	133	1
51	135	1
51	136	1
51	145	1
51	156	1
51	157	1
51	166	1
51	173	1
51	177	1
51	185	1
51	193	1
51	211	1
51	295	1
51	345	1
51	371	1
51	638	1
51	1145	1
51	1162	1
52	83	1
52	90	1
52	100	1
52	146	1
52	177	1
52	193	1
52	203	1
52	259	1
52	266	1
52	277	1
52	284	1
52	306	1
52	362	1
52	487	1
52	550	1
52	638	1
52	686	1
52	807	1
52	1145	1
53	56	1
53	58	1
53	65	1
53	73	1
53	85	1
53	124	-1
53	125	1
53	141	1
53	177	-1
53	179	1
53	185	1
53	203	1
53	207	1
53	245	1
53	319	1
53	330	1
53	360	1
53	417	1
53	491	1
53	1691	1
53	3465	1
54	74	1
54	84	1
54	91	1
54	113	1
54	119	1
54	148	1
54	152	1
54	271	1
54	293	1
54	449	1
54	466	1
54	531	1
54	610	1
54	840	1
54	3579	1
54	3731	1
55	1155	1
55	1189	1
55	1319	1
55	1763	1
55	1946	1
55	2220	1
55	2872	1
55	2995	1
56	90	1
56	95	1
56	103	1
56	107	1
56	124	1
56	177	1
56	197	1
56	227	1
56	242	1
56	244	1
56	1346	1
56	1360	1
57	160	1
57	294	1
57	1719	1
57	2093	1
57	2107	1
57	2120	1
57	2137	1
57	2160	1
57	2552	1
57	2576	1
57	2595	1
57	2637	1
57	2656	1
57	2766	1
57	2892	1
57	3758	1
58	59	1
58	81	1
58	83	1
58	85	1
58	87	1
58	88	1
58	92	-1
58	93	1
58	95	1
58	110	1
58	111	1
58	118	1
58	120	1
58	125	1
58	154	1
58	158	1
58	163	1
58	165	1
58	173	1
58	185	-1
58	191	1
58	197	1
58	205	1
58	222	1
58	242	1
58	245	1
58	249	1
58	288	1
58	291	1
58	292	1
58	310	1
58	321	1
58	412	1
58	417	1
58	545	1
58	647	1
58	704	1
59	81	1
59	85	1
59	116	1
59	120	1
59	208	1
59	308	1
59	335	1
59	336	1
59	490	1
59	526	1
59	759	1
60	134	1
60	673	1
60	740	1
60	1773	1
60	2184	1
61	982	1
61	2268	1
61	2366	1
61	2398	1
61	3077	1
61	3081	1
61	3085	1
61	3093	1
61	3098	1
61	3104	1
61	3123	1
61	3126	1
61	3130	1
61	3161	1
61	3186	1
61	3196	1
62	73	1
62	85	1
62	92	1
62	95	1
62	116	1
62	124	1
62	136	1
62	145	1
62	166	1
62	174	1
62	179	1
62	203	1
62	205	1
62	229	1
62	265	1
62	278	1
62	306	1
62	596	1
62	1043	1
62	1165	1
62	1785	1
63	537	1
63	565	1
63	875	1
63	899	1
63	1551	1
63	1784	1
63	2453	1
63	2483	1
63	3767	1
64	86	1
64	94	1
64	104	1
64	114	1
64	126	1
64	192	1
64	233	1
64	246	1
64	269	1
64	279	1
64	281	1
64	375	1
64	376	1
64	766	1
64	824	1
64	953	1
64	1074	1
64	1554	1
64	1590	1
64	2293	1
64	2336	1
64	2416	1
64	2430	1
64	2436	1
64	3409	1
64	3514	1
65	77	1
65	140	1
65	145	1
65	155	1
65	159	1
65	165	1
65	244	1
65	255	1
65	256	1
65	272	1
66	70	1
66	83	1
66	100	1
66	124	1
66	159	1
66	190	1
66	306	1
67	70	1
67	87	1
67	95	1
67	110	1
67	136	1
67	137	1
67	159	1
67	211	1
67	255	1
67	256	1
67	296	1
67	411	1
67	641	1
68	457	1
68	814	1
68	1168	1
68	1531	1
68	1803	1
68	1866	1
68	2262	1
68	2272	1
68	2297	1
68	3024	1
68	3029	1
68	3099	1
68	3121	1
68	3515	1
69	1302	1
69	1495	1
69	1748	1
69	1757	1
69	1759	1
69	2153	1
69	2163	1
69	2171	1
69	2177	1
69	2183	1
69	2196	1
69	2241	1
69	2847	1
69	2861	1
69	2863	1
69	2874	1
70	75	1
70	106	1
70	140	1
70	142	1
70	156	1
70	190	1
70	196	1
70	203	1
70	277	1
70	371	1
70	491	-1
71	486	1
71	742	1
71	968	1
71	1233	1
71	1791	1
71	2234	1
71	2969	1
72	77	1
72	115	1
72	118	1
72	219	1
72	222	1
72	262	1
72	280	1
72	284	1
72	288	1
72	292	1
72	362	-1
72	650	1
73	82	1
73	83	1
73	85	1
73	88	1
73	95	1
73	97	1
73	103	1
73	112	1
73	116	1
73	120	1
73	123	1
73	124	-1
73	136	1
73	155	1
73	156	1
73	163	1
73	177	-1
73	188	-1
73	199	1
73	207	1
73	222	1
73	227	1
73	262	1
73	278	1
73	813	1
74	168	1
74	293	1
74	312	1
74	389	1
74	625	1
74	1087	1
74	1127	1
74	1263	1
75	78	1
75	85	1
75	95	1
75	133	1
75	198	1
75	216	1
75	315	1
75	411	1
75	3465	1
76	672	1
76	853	1
76	1011	1
76	1941	1
76	2037	1
76	2626	1
76	2685	1
77	78	1
77	89	1
77	140	1
77	177	1
77	265	1
78	90	1
78	106	1
78	142	1
78	154	1
78	203	1
78	319	1
78	550	1
78	632	1
79	1697	1
79	1700	1
79	1704	1
79	1714	1
79	2086	1
79	2091	1
79	2654	1
79	2670	1
79	2672	1
79	2688	1
79	2694	1
79	2706	1
79	2708	1
80	301	1
80	698	1
80	1147	1
80	1504	1
81	128	1
81	173	1
81	219	1
81	229	1
81	290	1
81	391	1
81	412	1
81	413	1
81	557	1
81	645	1
82	88	1
82	95	1
82	118	1
82	120	1
82	125	1
82	141	1
82	158	1
82	174	1
82	219	1
82	222	1
82	288	1
82	321	1
82	351	1
82	417	1
82	704	1
82	904	1
83	107	1
83	124	1
83	133	1
83	166	1
83	177	1
83	185	1
83	207	1
83	253	1
83	255	1
83	277	1
83	333	1
83	394	1
83	482	1
83	487	-1
83	684	1
83	687	1
84	109	1
84	113	1
84	148	1
84	382	1
84	404	1
84	610	1
84	848	1
85	87	1
85	88	1
85	92	1
85	103	1
85	106	1
85	107	1
85	125	1
85	141	1
85	146	1
85	157	1
85	173	1
85	177	-1
85	188	1
85	191	1
85	199	-1
85	205	1
85	207	1
85	222	-1
85	238	1
85	242	1
85	249	1
85	250	1
85	287	1
85	288	1
85	291	1
85	295	1
85	320	1
85	360	1
85	398	1
85	491	1
85	647	1
85	703	-1
85	1162	1
86	94	1
86	98	1
86	104	1
86	114	1
86	126	1
86	164	1
86	192	1
86	233	1
86	246	1
86	269	1
86	281	1
86	337	1
86	352	1
86	498	1
86	558	1
86	832	1
86	897	1
86	906	1
86	1074	1
86	1590	1
86	1593	1
86	1891	1
86	1906	1
86	2336	1
86	2417	1
86	3372	1
86	3514	1
86	3565	-1
87	154	1
87	157	1
87	158	1
87	163	1
87	191	1
87	241	1
87	280	1
87	288	1
87	291	1
87	395	1
87	397	1
87	491	-1
88	92	1
88	95	1
88	124	-1
88	125	1
88	140	1
88	145	1
88	173	1
88	177	-1
88	179	1
88	185	-1
88	245	1
88	288	1
88	296	1
88	308	1
88	666	1
89	90	1
89	122	1
89	203	1
89	253	1
89	946	1
90	122	1
90	131	1
90	137	1
90	177	-1
90	203	1
90	219	1
90	227	-1
90	266	1
90	395	1
91	119	1
91	152	1
91	223	1
91	293	1
91	438	1
91	532	1
91	625	1
92	93	1
92	103	1
92	141	1
92	174	-1
92	177	1
92	199	1
92	207	1
92	289	1
92	296	1
92	360	1
92	526	1
93	95	1
93	111	1
93	115	1
93	125	1
93	141	1
93	158	1
93	173	1
93	174	1
93	177	-1
93	197	1
93	229	1
93	259	1
93	288	1
93	295	1
93	308	1
93	335	1
93	484	1
93	706	1
93	1064	1
94	96	1
94	98	1
94	114	1
94	126	1
94	164	1
94	192	1
94	233	1
94	279	1
94	281	1
94	352	1
94	376	1
94	498	1
94	558	1
94	605	1
94	651	1
94	832	1
94	1074	1
94	1891	1
94	2336	1
94	3514	1
95	103	-1
95	124	-1
95	136	1
95	145	-1
95	154	1
95	172	1
95	174	1
95	177	-1
95	179	1
95	185	1
95	188	1
95	191	1
95	228	1
95	241	1
95	242	1
95	244	1
95	287	1
95	315	1
95	318	1
95	331	1
95	345	1
95	362	1
95	391	1
95	396	1
95	411	1
95	526	1
95	1065	1
95	2304	1
95	3465	1
95	3472	1
96	126	1
96	269	1
96	279	1
96	375	1
96	498	1
96	499	1
96	605	1
96	824	1
96	832	1
96	906	1
96	1387	1
96	2336	1
96	3494	1
97	105	1
97	177	1
97	211	1
97	228	1
97	255	1
97	280	1
97	345	1
97	807	1
98	114	1
98	164	1
98	192	1
98	279	1
98	337	1
98	352	1
98	558	1
98	900	1
98	1074	1
98	1272	1
98	1387	1
98	1590	1
98	1597	1
98	2336	1
98	3451	1
99	659	1
99	1619	1
99	1658	1
99	2473	1
99	2624	1
100	124	1
100	177	-1
101	567	1
101	779	1
101	781	1
101	842	1
101	3096	1
102	1005	1
102	1258	1
102	1423	1
102	1434	1
102	1646	1
102	1990	1
102	2844	1
103	118	1
103	125	1
103	128	1
103	156	1
103	163	1
103	249	1
103	284	1
103	295	1
103	398	1
103	413	1
103	585	1
103	695	1
103	759	1
103	904	1
103	946	1
103	3465	1
104	114	1
104	192	1
104	233	1
104	246	1
104	269	1
104	279	1
104	281	1
104	375	1
104	376	1
104	651	1
104	766	1
104	824	1
104	832	1
104	900	1
104	1396	1
104	1590	1
104	1597	1
104	2293	1
104	2336	1
104	2417	1
104	2432	1
104	2437	1
104	3353	1
104	3494	1
104	3504	1
104	3514	1
104	3565	1
105	118	1
105	125	1
105	154	1
105	163	1
105	173	1
105	185	-1
105	199	1
105	241	1
105	289	1
105	315	1
105	362	1
105	484	1
105	490	1
106	124	1
106	154	1
106	166	1
106	187	1
106	272	1
106	280	1
106	396	1
106	596	1
107	193	1
107	205	1
107	267	1
107	272	1
107	348	1
107	360	1
108	1099	1
108	1292	1
108	1601	1
108	1743	1
108	2175	1
108	2176	1
108	2663	1
108	2842	1
109	148	1
109	181	1
109	215	1
109	223	1
109	379	1
109	449	1
109	512	1
109	711	1
110	131	1
110	135	1
110	146	1
110	174	1
110	188	1
110	193	1
110	362	1
110	417	1
110	487	1
110	523	1
110	526	1
111	120	1
111	125	1
111	141	1
111	207	1
111	417	1
112	116	1
112	124	1
112	177	1
112	396	1
112	748	1
112	1043	1
113	271	1
113	293	1
113	769	1
114	164	1
114	192	1
114	233	1
114	246	1
114	269	1
114	279	1
114	281	1
114	352	1
114	376	1
114	558	1
114	766	1
114	906	1
114	1202	1
114	1385	1
114	1554	1
114	1590	1
114	1597	1
114	2336	1
114	2415	1
114	3372	1
114	3374	1
114	3398	1
114	3423	1
114	3426	1
114	3429	1
114	3494	1
114	3514	1
114	3565	1
115	118	1
115	128	1
115	155	1
115	197	1
115	208	1
115	216	1
115	219	1
115	259	1
115	320	1
115	335	1
115	492	1
116	123	1
116	172	1
116	174	1
116	177	1
116	247	1
116	259	1
116	290	1
116	310	1
116	336	1
116	395	1
116	706	1
116	822	1
116	1043	1
116	3472	1
117	799	1
117	1025	1
117	1317	1
117	1332	1
117	1742	1
117	2210	1
117	2702	1
117	2805	1
117	2911	1
117	2931	1
118	125	1
118	141	1
118	173	1
118	222	1
118	238	1
118	292	1
118	398	-1
118	706	1
118	822	1
119	148	1
119	235	1
119	271	1
119	471	1
119	2521	1
119	3690	1
120	141	1
120	163	1
120	244	1
120	245	1
120	351	1
120	362	1
121	2118	1
121	2165	1
121	2838	1
121	2855	1
121	2862	1
121	2864	1
122	159	1
122	196	1
122	203	1
122	759	1
123	128	1
123	136	1
123	287	1
123	585	1
124	162	1
124	172	1
124	177	1
124	179	1
124	188	-1
124	227	1
124	319	1
124	396	1
124	585	1
124	684	1
124	750	1
124	813	1
124	815	1
125	131	1
125	173	1
125	191	1
125	197	1
125	238	1
125	247	1
125	249	1
125	253	1
125	262	1
125	289	1
125	321	1
125	345	1
125	412	1
125	413	1
125	429	1
125	484	1
125	666	1
126	192	1
126	230	1
126	233	1
126	269	1
126	352	1
126	558	1
126	824	1
126	1593	1
126	2417	1
127	435	1
127	881	1
127	1591	1
127	1808	1
127	1827	1
127	2261	1
127	2278	1
127	3206	1
128	158	1
128	163	1
128	292	1
128	545	1
128	706	1
128	983	1
128	1043	1
128	1065	1
129	845	1
129	910	1
129	989	1
129	991	1
129	997	1
129	1081	1
129	1085	1
129	1092	1
129	1097	1
129	1211	1
129	1215	1
129	1216	1
129	1217	1
129	1223	1
129	1225	1
129	1228	1
129	1231	1
129	1403	1
129	1406	1
129	1408	1
129	1410	1
129	1411	1
129	1412	1
129	1414	1
129	1418	1
129	1609	1
130	358	1
130	778	1
130	976	1
130	2266	1
130	2549	1
130	2551	1
130	2572	1
130	3182	1
131	140	1
131	290	1
132	231	1
132	1132	1
132	1708	1
132	2631	1
132	2653	1
133	135	1
133	142	1
133	203	1
133	266	1
133	318	1
133	319	1
133	350	1
133	391	1
134	673	1
134	1230	1
134	1373	1
134	1850	1
134	2317	1
134	2993	1
135	166	1
135	197	1
135	219	1
135	277	1
135	941	1
135	3465	1
136	154	1
136	158	1
136	228	1
136	876	1
137	166	1
137	185	1
137	253	1
137	329	1
137	1691	1
138	1069	1
138	1546	1
138	1571	1
138	1830	1
138	3112	1
138	3229	1
138	3766	1
139	327	1
139	1641	1
139	2507	1
139	2509	1
139	2514	1
139	2518	1
139	2522	1
139	3739	1
140	155	1
140	216	1
140	544	1
141	173	1
141	288	1
141	292	1
141	321	1
142	157	1
142	172	1
142	177	1
142	259	1
142	272	-1
142	329	1
142	550	1
142	645	1
142	946	1
142	3465	1
143	643	1
143	688	1
143	696	1
143	1026	1
143	1285	1
143	1340	1
143	1502	1
143	2905	1
143	3094	1
144	349	1
144	462	1
144	495	1
144	1377	1
144	1888	1
144	3369	1
145	150	1
145	159	1
145	165	1
145	191	1
145	227	1
145	255	1
145	272	1
145	318	1
145	396	1
145	487	1
145	941	-1
145	1378	1
146	199	1
146	277	1
146	946	1
147	421	1
147	963	1
147	1539	1
147	3115	1
148	152	1
148	270	1
148	313	1
148	380	1
148	466	1
148	512	1
148	768	1
148	840	1
148	1401	1
149	467	1
149	640	1
149	1094	1
149	1951	1
149	2294	1
150	193	1
150	222	-1
150	265	1
150	272	1
151	213	1
151	261	1
151	808	1
151	839	1
151	2383	1
151	2971	1
151	3338	1
152	236	1
152	512	1
152	626	1
152	3731	1
153	869	1
153	1465	1
153	2248	1
153	2574	1
153	2609	1
154	177	1
154	219	1
154	222	1
154	876	1
154	3465	1
155	156	1
155	203	1
155	544	1
156	157	1
156	211	1
156	256	1
156	289	1
156	320	1
157	188	-1
157	190	1
158	345	1
158	397	1
158	650	1
158	695	1
158	904	1
159	272	1
160	294	1
160	952	1
161	1324	1
161	1494	1
161	1765	1
161	1770	1
161	2209	1
161	2213	1
162	177	1
162	197	1
162	208	1
162	228	1
162	287	1
162	295	1
162	331	1
163	165	1
163	219	1
163	249	1
163	397	1
163	650	1
164	192	1
164	269	1
164	281	1
164	1386	1
164	1387	1
164	2336	1
165	188	1
165	647	1
165	1691	1
166	177	1
166	205	1
166	272	1
166	278	1
166	329	1
166	412	1
166	695	1
166	1785	1
166	3465	1
167	328	1
167	447	1
167	986	1
167	1655	1
167	1964	1
168	323	1
168	439	1
169	240	1
169	1003	1
169	1245	1
169	1439	1
169	1668	1
169	1682	1
170	286	1
170	633	1
170	1137	1
170	1527	1
170	1805	1
170	2179	1
170	2264	1
171	1738	1
171	2309	1
171	3248	1
172	177	1
172	491	1
172	641	1
172	3465	1
173	191	1
173	207	1
173	222	1
173	245	1
173	362	1
173	412	1
173	666	1
174	177	-1
174	185	-1
174	262	1
174	266	1
174	280	1
174	391	1
174	822	1
175	236	1
175	293	1
175	404	1
175	438	1
175	449	1
176	390	1
176	518	1
176	1299	1
176	1333	1
176	1771	1
176	2191	1
176	2634	1
176	2857	1
177	179	-1
177	188	-1
177	190	1
177	193	1
177	196	1
177	198	1
177	203	1
177	227	1
177	228	1
177	244	1
177	245	-1
177	259	1
177	265	1
177	266	1
177	272	1
177	278	1
177	284	1
177	287	1
177	295	1
177	296	1
177	306	1
177	331	1
177	333	1
177	350	1
177	371	1
177	395	1
177	396	1
177	487	1
177	490	1
177	491	-1
177	492	1
177	523	1
177	596	1
177	703	1
177	748	1
177	750	1
177	813	1
177	815	1
177	937	1
177	1162	1
177	1165	1
177	1310	1
177	1691	-1
177	1806	1
177	2679	1
177	2924	1
177	2935	1
177	2946	1
177	2958	1
177	3016	1
177	3022	1
177	3125	1
178	1354	1
178	1812	1
178	1814	1
178	1821	1
178	2152	1
178	2323	1
178	2355	1
178	3333	1
179	228	1
179	348	1
179	1691	1
180	186	1
180	364	1
180	378	1
181	182	1
181	237	1
181	382	1
181	404	1
182	236	1
182	323	1
182	473	1
183	674	1
183	1014	1
183	1116	1
183	1447	1
183	1982	1
183	2046	1
183	2550	1
184	209	1
184	388	1
184	1333	1
184	2224	1
184	2231	1
184	3239	1
185	188	1
185	198	1
185	245	-1
185	249	1
185	288	1
185	330	1
185	596	-1
185	687	1
185	813	1
186	364	1
186	374	1
186	378	1
186	400	1
186	1207	1
188	190	1
188	196	1
188	241	1
188	272	1
188	484	1
188	647	1
188	815	-1
188	941	1
189	260	1
189	552	1
189	1330	1
189	1424	1
190	196	1
190	197	1
190	267	1
190	304	1
190	318	1
191	596	1
192	269	1
192	281	1
192	352	1
192	498	1
192	499	1
192	558	1
192	824	1
192	832	1
192	906	1
192	1599	1
192	2293	1
192	2415	1
192	2417	1
193	249	1
194	736	1
194	1715	1
194	1955	1
194	2265	1
194	2978	1
194	2983	1
195	254	1
195	408	1
195	675	1
195	2606	1
196	205	1
196	242	1
196	491	1
196	703	1
197	198	1
197	244	1
197	596	1
197	759	1
197	822	1
198	277	1
199	259	1
199	267	1
199	315	1
199	371	1
199	801	1
199	937	1
200	234	1
200	847	1
200	2450	1
201	1509	1
202	1433	1
202	1921	1
202	1968	1
202	2004	1
202	2598	1
202	2636	1
203	296	1
203	491	1
204	804	1
204	949	1
204	1328	1
204	3576	1
205	219	1
205	266	1
205	308	1
205	319	1
205	362	1
205	807	1
205	2976	1
206	1557	1
206	2363	1
206	2657	1
206	3175	1
206	3612	1
207	666	1
208	287	1
208	291	1
208	336	1
208	484	1
208	666	1
209	325	1
209	1928	1
209	2466	1
210	251	1
210	870	1
210	2732	1
210	3729	1
211	272	1
212	581	1
212	1021	1
212	1603	1
212	1617	1
212	1712	1
212	1722	1
213	218	1
213	763	1
213	888	1
213	1327	1
214	555	1
214	595	1
214	1750	1
214	1780	1
214	1793	1
216	219	1
216	272	1
217	1235	1
217	1973	1
217	1994	1
217	2525	1
217	2561	1
218	763	1
218	1339	1
218	1365	1
218	1892	1
219	304	1
220	699	1
220	954	1
220	959	1
220	960	1
220	1177	1
221	276	1
221	556	1
221	887	1
221	1344	1
222	321	1
222	391	1
223	466	1
223	473	1
224	1653	1
224	1996	1
224	1997	1
224	2462	1
224	2464	1
224	2471	1
224	2570	1
225	2503	1
226	514	1
226	1252	1
226	1432	1
226	1989	1
226	2553	1
226	3703	1
227	244	1
227	278	1
227	330	1
228	318	1
228	748	1
228	813	1
229	247	1
229	289	1
230	279	1
230	498	1
230	605	1
230	824	1
230	2336	-1
230	3514	1
230	3565	1
231	2102	1
232	942	1
232	1727	1
233	269	-1
233	498	1
233	824	1
233	900	1
233	2336	1
233	3372	1
234	1910	1
235	389	1
235	402	1
235	505	1
235	3579	1
235	3731	1
236	293	1
237	270	1
237	505	1
238	249	1
238	250	1
239	728	1
239	915	1
239	1104	1
239	1464	1
239	1645	1
239	1958	1
239	2076	1
239	2535	1
239	2562	1
239	2642	1
239	3602	1
241	290	1
241	397	1
242	249	1
242	3465	1
243	699	1
243	872	1
243	1177	1
244	245	1
244	280	1
244	703	1
245	308	1
245	526	1
246	653	1
246	2336	1
246	2434	1
247	413	1
248	494	1
248	980	1
248	1191	1
248	1192	1
248	3273	1
248	3280	1
249	288	1
249	523	1
249	904	1
250	362	1
251	1917	1
251	2482	1
251	3729	1
252	578	1
252	994	1
252	1229	1
252	1642	1
252	1676	1
252	1942	1
252	2733	1
253	289	1
253	391	1
253	666	1
254	322	1
254	677	1
254	1117	1
254	1120	1
254	1267	1
254	1458	1
254	1690	1
254	2064	1
254	2620	1
254	3573	1
257	1295	1
257	2916	1
258	593	1
258	623	1
258	635	1
258	697	1
258	874	1
258	1498	1
258	1535	1
258	1760	1
258	1787	1
258	2053	1
258	3732	1
259	333	1
259	395	1
260	552	1
260	636	1
260	746	1
260	1135	1
260	1511	1
260	2959	1
261	888	1
263	406	1
263	1100	1
263	1236	1
263	2010	1
263	2580	1
264	488	1
264	639	1
264	805	1
264	1506	1
264	2126	1
265	490	1
266	296	1
267	304	1
268	967	1
268	1039	1
268	1916	1
269	279	1
269	824	1
269	832	1
269	1070	1
270	379	1
271	471	1
272	277	-1
272	348	1
272	544	1
273	1399	1
273	1669	1
274	865	1
275	423	1
275	1119	1
275	1262	1
275	1683	1
275	2669	1
276	556	1
276	887	1
277	348	1
278	320	1
278	360	1
278	1162	1
279	352	1
279	375	1
279	498	1
279	824	1
279	906	1
279	1074	1
280	704	1
281	337	1
281	375	1
281	498	1
281	766	-1
281	900	1
281	906	1
281	1074	1
281	1386	1
281	1598	1
281	2336	1
281	2435	1
281	3410	1
281	3565	1
282	387	1
282	475	1
282	724	1
282	786	1
282	1266	1
283	314	1
283	1454	1
283	2025	1
283	2052	1
283	2589	1
284	329	1
285	455	1
285	954	1
285	960	1
285	2984	1
285	3001	1
286	753	1
286	1519	1
287	1691	-1
288	318	1
288	641	1
289	413	1
290	397	1
290	490	1
290	904	1
293	389	1
293	402	1
293	439	1
293	473	1
293	505	1
293	561	1
293	3579	1
294	2827	1
295	937	1
295	1152	1
295	3465	1
297	721	1
297	1212	1
297	1915	1
297	1938	1
297	3616	1
298	1210	1
298	1935	1
299	615	1
299	713	1
299	3743	1
300	481	1
300	2033	1
300	2047	1
300	2066	1
301	3106	1
302	334	1
302	689	1
302	3223	1
303	612	1
303	1460	1
303	2680	1
304	360	1
304	491	1
305	1022	1
305	1367	1
305	1375	1
305	2785	1
306	411	1
307	418	1
309	702	1
309	894	1
309	1180	1
309	1353	1
309	1372	1
309	3172	1
309	3334	1
310	759	1
311	1096	1
311	1426	1
311	1444	1
311	2202	1
312	668	1
313	323	1
314	1125	1
314	2664	1
315	645	1
315	695	1
316	365	1
316	1303	1
316	2166	1
317	951	1
317	1153	1
317	1776	1
317	2925	1
318	937	1
320	3465	1
324	1931	1
324	1940	1
324	1953	1
324	2023	1
324	2035	1
325	828	1
326	339	1
326	341	1
327	1240	1
328	447	1
328	661	1
328	670	1
328	1964	1
328	2601	1
328	2661	1
330	396	1
330	813	1
331	396	1
331	492	1
331	3472	1
332	1524	1
332	3040	1
332	3086	1
332	3325	1
332	3765	1
334	821	1
337	653	1
337	766	1
337	906	1
337	1074	1
337	1202	1
337	1590	1
337	1905	1
337	2336	1
337	3514	1
337	3565	-1
338	3689	1
338	3701	1
338	3702	1
338	3711	1
339	914	1
339	2484	1
340	500	1
340	1937	1
340	1944	1
340	1945	1
340	2463	1
340	3581	1
341	568	1
341	850	1
341	1002	1
341	2461	1
341	3749	1
342	663	1
342	1680	1
342	2044	1
342	3205	1
343	855	1
343	1012	1
343	1251	1
343	1991	1
344	480	1
344	1106	1
346	942	1
346	2816	1
347	485	1
347	798	1
347	1749	1
347	3756	1
348	557	1
349	495	1
349	1159	1
350	360	1
351	759	1
352	2336	1
352	3565	1
353	379	1
353	505	1
353	532	1
354	440	1
354	1402	1
355	2512	1
356	405	1
356	468	1
356	743	1
356	1415	1
357	445	1
357	782	1
357	1133	1
358	1438	1
358	2015	1
359	2056	1
359	2057	1
359	2058	1
359	2060	1
359	2061	1
359	2062	1
359	2616	1
359	2617	1
360	491	1
360	876	1
361	1753	1
361	3012	1
362	490	1
363	399	1
364	465	1
364	559	1
365	1969	1
365	2096	1
366	655	1
367	368	1
367	383	1
368	1001	1
368	2668	1
370	798	1
370	1488	1
371	417	1
371	523	1
372	462	1
372	892	1
372	1376	1
372	2371	1
373	656	1
373	1060	1
373	2281	1
373	3069	1
374	378	1
374	400	1
374	559	1
374	560	1
374	3569	1
375	498	1
375	605	1
375	651	1
375	1386	1
375	1390	1
375	2336	1
376	1386	1
376	3514	1
377	399	1
377	3413	1
378	400	1
379	389	1
379	466	1
380	777	1
381	551	1
382	777	1
383	580	1
383	1647	1
383	2547	1
384	2481	1
384	3554	1
385	613	1
385	926	1
385	1114	1
385	2008	1
386	462	1
386	495	1
387	1121	1
387	2599	1
388	828	1
389	439	1
389	3579	1
392	1161	1
393	452	1
393	1774	1
393	2212	1
393	2890	1
393	2929	1
393	2949	1
393	3568	1
394	3465	1
397	666	1
398	706	1
401	660	1
401	1611	1
401	2974	1
402	438	1
402	610	1
403	701	1
403	935	1
403	1430	1
403	1992	1
403	2699	1
404	473	1
405	468	1
406	1111	1
406	2036	1
406	2622	1
407	1450	1
407	3474	1
408	1453	1
409	797	1
409	1287	1
409	1481	1
409	1970	1
409	2130	1
409	2164	1
409	2169	1
409	2832	1
409	2835	1
410	486	1
410	742	1
410	800	1
410	1027	1
410	2157	1
410	2208	1
410	2938	1
412	417	1
412	759	1
412	3465	1
414	828	1
415	829	1
415	3737	1
416	432	1
416	898	1
416	1071	1
419	771	1
419	1214	1
419	1927	1
420	772	1
420	1611	1
420	1926	1
421	1456	1
422	535	1
422	536	1
422	1920	1
423	1108	1
423	1277	1
424	1138	1
424	1379	1
424	1437	1
424	2188	1
425	468	1
426	515	1
426	933	1
426	3553	1
426	3697	1
427	1189	1
427	1777	1
428	3767	1
430	817	1
430	831	1
430	1055	1
431	861	1
431	1552	1
431	2340	1
431	3201	1
432	604	1
432	637	1
432	896	1
432	1195	1
432	1772	1
432	1822	1
432	1887	1
432	3301	1
433	572	1
433	751	1
433	1063	1
433	2369	1
434	1278	1
434	1821	1
434	2421	1
435	2261	1
435	2368	1
436	501	1
436	1419	1
437	720	1
437	1979	1
438	439	1
438	505	1
438	521	1
439	625	1
441	775	1
441	1237	1
441	1613	1
441	2501	1
442	1218	1
442	1637	1
442	2500	1
443	2491	1
443	2496	1
444	566	1
444	1630	1
444	2048	1
444	3768	1
447	999	1
448	1007	1
448	1103	1
448	1962	1
450	1246	1
451	555	1
452	693	1
453	519	1
453	950	1
454	603	1
454	1068	1
454	1149	1
454	1592	1
455	954	1
456	2979	1
456	3035	1
457	1854	1
457	2395	1
458	525	1
458	974	1
459	1066	1
459	1199	1
459	1884	1
459	1886	1
460	705	1
460	1129	1
460	1559	1
460	1855	1
461	3598	1
462	601	1
462	1878	1
462	3326	1
463	580	1
464	497	1
464	985	1
464	1898	1
465	559	1
465	560	1
465	652	1
467	2537	1
467	2538	1
468	502	1
470	1227	1
474	669	1
474	1912	1
474	2901	1
474	2937	1
475	724	1
475	1627	1
475	1980	1
476	927	1
476	2031	1
476	2082	1
476	2567	1
476	2569	1
477	867	1
477	1640	1
477	1662	1
478	1431	1
478	2560	1
478	2603	1
479	1699	1
479	3743	1
480	1107	1
480	2038	1
480	2065	1
481	1273	1
483	2994	1
484	526	1
486	2223	1
487	687	1
488	972	1
488	1321	1
488	1565	1
490	650	1
491	684	1
491	876	1
493	617	1
493	752	1
494	1860	1
495	758	1
495	1377	1
496	3320	1
496	3340	1
497	1178	1
498	651	1
498	1074	1
498	1396	1
498	2336	1
499	605	1
499	906	1
499	1907	1
499	2433	1
500	1425	1
501	794	1
502	533	1
504	995	1
504	1109	1
504	2593	1
506	3554	1
507	566	1
507	1985	1
507	2104	1
507	3550	1
507	3768	1
508	1957	1
509	878	1
509	1000	1
509	2345	1
510	1679	1
513	945	1
513	1978	1
513	2539	1
514	1432	1
514	2658	1
515	2077	1
516	1136	1
516	1291	1
517	518	1
518	737	1
518	2191	1
519	745	1
519	1288	1
520	2973	1
522	754	1
525	644	1
526	904	1
527	1584	1
527	3489	1
528	1586	1
529	2529	1
530	1798	1
531	840	1
531	3506	1
532	3579	1
533	776	1
534	912	1
534	2460	1
534	2474	1
534	2859	1
535	536	1
535	654	1
535	912	1
535	3453	1
536	1623	1
536	2643	1
537	1088	1
538	726	1
538	1241	1
539	852	1
539	1639	1
540	986	1
540	1659	1
541	911	1
541	1260	1
541	2026	1
541	2068	1
541	2071	1
542	629	1
542	1276	1
542	2755	1
543	792	1
546	734	1
546	3554	1
547	1294	1
547	1737	1
547	2146	1
548	1349	1
548	3774	1
549	1379	1
551	708	1
551	1351	1
552	1311	1
552	1513	1
553	1543	1
553	1561	1
553	3090	1
553	3153	1
553	3243	1
553	3249	1
553	3252	1
554	600	1
555	1035	1
555	1058	1
559	560	1
559	652	1
561	1087	1
561	2590	1
562	780	1
562	1466	1
563	1413	1
564	655	1
564	1618	1
565	1088	1
566	716	1
568	925	1
568	939	1
569	584	1
570	863	1
570	1101	1
570	1249	1
571	1103	1
571	1281	1
571	1474	1
573	859	1
574	857	1
574	1628	1
575	849	1
575	1435	1
575	2039	1
575	2040	1
576	579	1
577	1693	1
578	727	1
578	860	1
578	994	1
579	619	1
579	671	1
580	2681	1
584	1268	1
584	1716	1
587	787	1
587	1167	1
588	796	1
588	3782	1
589	1736	1
590	614	1
590	3490	1
591	1802	1
592	1150	1
593	635	1
594	1522	1
595	880	1
595	1032	1
596	645	1
597	1533	1
597	1848	1
597	1862	1
597	2354	1
598	673	1
598	2318	1
598	3219	1
598	3258	1
599	1188	1
599	1532	1
599	1537	1
602	3754	1
603	1009	1
603	1382	1
604	834	1
605	1202	1
605	1554	1
605	2431	1
606	1601	1
606	3748	1
608	995	1
609	1093	1
609	1243	1
611	665	1
611	667	1
611	780	1
611	1962	1
611	2505	1
611	2517	1
612	616	1
613	738	1
613	1337	1
614	1166	1
614	1882	1
615	1441	1
615	3743	1
616	1446	1
617	1638	1
617	3134	1
618	723	1
619	862	1
619	1660	1
619	1688	1
620	841	1
620	2009	1
621	2843	1
622	1269	1
622	1417	1
622	2640	1
624	2646	1
625	3731	1
627	715	1
627	3471	1
628	789	1
629	988	1
630	793	1
630	1710	1
631	1769	1
634	1747	1
634	2207	1
635	2882	1
636	2913	1
639	3691	1
640	2831	1
642	1525	1
642	2263	1
643	3110	1
644	3207	1
644	3520	1
646	1844	1
646	3598	1
648	3170	1
649	1192	1
649	1197	1
649	1885	1
653	1074	1
654	2041	1
655	773	1
656	749	1
657	924	1
657	1644	1
657	1694	1
657	1924	1
658	3748	1
661	1971	1
661	2571	1
661	2722	1
662	1234	1
663	2335	1
663	2533	1
664	1276	1
665	923	1
665	1103	1
665	1474	1
665	2100	1
666	704	1
667	780	1
667	2649	1
669	2534	1
671	862	1
671	1123	1
672	3007	1
673	740	1
673	1512	1
673	3058	1
674	1013	1
675	1674	1
676	919	1
676	1008	1
676	1677	1
676	2592	1
677	929	1
678	930	1
678	1686	1
678	2612	1
679	863	1
680	2094	1
681	3782	1
682	938	1
682	1720	1
682	2108	1
682	2109	1
682	2721	1
682	3678	1
683	3744	1
685	3782	1
686	3465	1
688	1026	1
689	1160	1
689	3759	1
690	967	1
691	1367	1
692	2225	1
694	812	1
694	2173	1
696	2299	1
700	2265	1
701	890	1
701	3622	1
705	1016	1
705	1851	1
707	1045	1
707	1195	1
708	1890	1
708	2325	1
709	833	1
712	744	1
712	1923	1
712	3452	1
715	922	1
715	3617	1
716	1220	1
716	1606	1
716	1630	1
716	1687	1
716	1943	1
716	2019	1
716	2495	1
716	3550	1
717	1413	1
717	1612	1
717	2478	1
718	720	1
718	1974	1
719	1638	1
720	1979	1
725	1113	1
725	1661	1
725	2579	1
726	790	1
727	994	1
728	2615	1
729	1468	1
729	1656	1
729	1711	1
729	2087	1
730	866	1
731	1131	1
731	3507	1
732	2109	1
733	1726	1
734	1280	1
735	2079	1
735	3551	1
738	1181	1
739	1144	1
739	1331	1
739	1783	1
739	2877	1
740	3005	1
741	2912	1
743	3589	1
747	1164	1
747	3606	1
748	813	-1
748	3067	1
754	755	1
754	1823	1
754	2332	1
756	1183	1
756	1543	1
757	1844	1
757	3688	1
758	1377	1
759	801	1
759	1065	1
760	978	1
761	1879	1
761	1897	1
761	2405	1
762	1024	1
762	1588	1
762	3358	1
762	3626	1
766	906	1
766	1202	1
766	3276	1
767	1606	1
770	3507	1
774	3133	1
775	998	1
775	2494	1
778	1253	1
778	2012	1
781	928	1
783	863	1
784	1011	1
785	2072	1
785	3743	1
786	916	1
786	1450	1
786	2599	1
787	2407	1
792	1472	1
792	2029	1
792	2641	1
792	2724	1
792	2728	1
793	1315	1
793	2836	1
795	2529	1
796	3782	1
798	955	1
798	1029	1
798	1146	1
798	1312	1
798	1486	1
798	1503	1
798	1741	1
798	2174	1
798	2185	1
798	2186	1
798	2849	1
798	2867	1
798	2871	1
798	2875	1
798	2884	1
798	2917	1
798	3752	1
803	1039	1
803	1540	1
804	3762	1
811	3470	1
812	1848	1
813	3465	1
815	3465	1
817	1186	1
817	2339	1
824	832	1
824	1590	1
825	3188	1
825	3268	1
826	1893	1
826	3704	1
830	1518	1
836	3179	1
839	3021	1
841	909	1
844	1234	1
844	2711	1
845	991	1
848	3731	1
849	1667	1
850	1405	1
850	1633	1
851	1221	1
852	1639	1
853	1673	1
854	1652	1
856	2543	1
857	1210	1
858	1008	1
859	2703	1
859	3598	1
863	2629	1
863	3594	1
864	1118	1
865	1252	1
866	2092	1
867	3458	1
868	1585	1
869	2123	1
870	2111	1
871	3567	1
873	1256	1
874	2204	1
877	1036	1
878	3467	1
879	883	1
881	3500	1
882	1348	1
882	3774	1
884	1354	1
885	1825	1
887	3237	1
891	893	1
894	1581	1
895	980	1
896	1071	1
897	2430	1
902	1388	1
905	3419	1
906	2336	1
906	2430	1
906	3446	1
909	1960	1
911	1449	1
911	1914	1
912	1623	1
913	1142	1
913	1622	1
915	1104	1
915	1407	1
917	1115	1
918	920	1
918	1509	1
920	2542	1
921	1210	1
922	3687	1
923	2573	1
926	1244	1
926	2069	1
927	2021	1
930	1126	1
931	3454	1
932	2075	1
933	934	1
934	2394	1
936	1466	1
940	1133	1
940	1457	1
940	2726	1
943	1304	1
943	2149	1
945	1479	1
947	2161	1
952	1799	1
953	2336	1
954	1383	1
956	2218	1
957	1026	1
958	3683	1
961	3744	1
962	966	1
962	2292	1
966	3055	1
969	2214	1
969	3774	1
972	3178	1
975	1563	1
979	1176	1
979	1528	1
979	1954	1
982	3291	1
984	1188	1
984	2426	1
990	2458	1
990	3761	1
992	1095	1
993	1420	1
996	1615	1
1004	2010	1
1006	1011	1
1006	1671	1
1008	1297	1
1009	3405	1
1010	2110	1
1012	1689	1
1012	2098	1
1012	2600	1
1012	2730	1
1013	1015	1
1014	1259	1
1016	1366	1
1016	2370	1
1017	1448	1
1020	1769	1
1021	2027	1
1023	3744	1
1026	2158	1
1030	3756	1
1034	2201	1
1035	3733	1
1037	3595	1
1038	1511	1
1040	1164	1
1040	2982	1
1041	3157	1
1046	3605	1
1048	1811	1
1049	1052	1
1049	3622	1
1050	1868	1
1051	1173	1
1053	1063	1
1053	1815	1
1053	2285	1
1059	2357	1
1062	1176	1
1062	3693	1
1063	2225	1
1066	2393	1
1066	3263	1
1071	1195	1
1073	2413	1
1074	1075	1
1074	1396	1
1074	1904	1
1074	3565	1
1078	1908	1
1079	1405	1
1083	1927	1
1084	1443	1
1084	2489	1
1086	2689	1
1090	2470	1
1094	3683	1
1096	1696	1
1098	3550	1
1098	3768	1
1103	2081	1
1104	2513	1
1105	1635	1
1105	2510	1
1106	1107	1
1109	1110	1
1112	3743	1
1115	1692	1
1115	2020	1
1120	1267	1
1120	3618	1
1123	2063	1
1124	3553	1
1129	1440	1
1129	2351	1
1130	3729	1
1134	3428	1
1135	3184	1
1140	1308	1
1141	1142	1
1143	3741	1
1147	3254	1
1148	1760	1
1149	1500	1
1154	3008	1
1157	3706	1
1157	3774	1
1161	2230	1
1166	1795	1
1166	2251	1
1169	1347	1
1173	3516	1
1175	3168	1
1176	1614	1
1176	3133	1
1176	3478	1
1182	1537	1
1186	3704	1
1187	1367	1
1187	3199	1
1189	3255	1
1190	3691	1
1194	1869	1
1194	3311	1
1194	3710	1
1196	2391	1
1200	3384	1
1201	1586	1
1202	2336	1
1204	3497	1
1205	3369	1
1212	2444	1
1218	2608	1
1222	3729	1
1224	3453	1
1226	1618	1
1226	2477	1
1232	1643	1
1232	1936	1
1232	2504	1
1235	2588	1
1235	2691	1
1240	1641	1
1241	2563	1
1246	3743	1
1247	3454	1
1248	1250	1
1250	1467	1
1250	1665	1
1251	1257	1
1252	1811	1
1252	2074	1
1254	3743	1
1255	1638	1
1257	2032	1
1257	2587	1
1261	1710	1
1269	2674	1
1270	1921	1
1273	1695	1
1276	1762	1
1289	2146	1
1293	1745	1
1298	1501	1
1302	3225	1
1308	1326	1
1313	1492	1
1314	2888	1
1318	2177	1
1320	1500	1
1322	1783	1
1323	1485	1
1323	3774	1
1326	1328	1
1329	3595	1
1332	2235	1
1335	1808	1
1341	3474	1
1345	3041	1
1348	1349	1
1355	1544	1
1355	1798	1
1358	3573	1
1364	1557	1
1367	2349	1
1370	2390	1
1372	1575	1
1380	3614	1
1383	1831	1
1386	1387	1
1388	1393	1
1388	1902	1
1388	3564	1
1389	3388	1
1390	2336	1
1397	3428	1
1401	3731	1
1402	2635	1
1409	2597	1
1419	1624	1
1423	1981	1
1425	1596	1
1427	1696	1
1428	2528	1
1431	1661	1
1433	1921	1
1433	3552	1
1435	1626	1
1436	3743	1
1437	1451	1
1441	3743	1
1448	1605	1
1450	2050	1
1451	2644	1
1452	3749	1
1455	3743	1
1457	1477	1
1458	2141	1
1461	2073	1
1462	2084	1
1463	2083	1
1464	2676	1
1471	1472	1
1473	3782	1
1476	1721	1
1477	2757	1
1479	2131	1
1482	1483	1
1484	2821	1
1486	1631	1
1490	3278	1
1491	1544	1
1497	1760	1
1498	1760	1
1508	3595	1
1516	1779	1
1528	3133	1
1536	1856	1
1541	3774	1
1544	1856	1
1549	1556	1
1549	3266	1
1572	3483	1
1588	3615	1
1590	2429	1
1592	2361	1
1598	2336	1
1603	2054	1
1607	1916	1
1615	1918	1
1621	2487	1
1622	2540	1
1624	2193	1
1625	2067	1
1629	1949	1
1629	1950	1
1636	1967	1
1649	2298	1
1649	2964	1
1650	3743	1
1653	2627	1
1654	1658	1
1656	2089	1
1657	2011	1
1658	1999	1
1663	3743	1
1666	2506	1
1670	3743	1
1672	3743	1
1675	2032	1
1679	1978	1
1680	2045	1
1681	3743	1
1684	3454	1
1686	2621	1
1686	2662	1
1691	3465	1
1694	2101	1
1697	2655	1
1698	2082	1
1698	2666	1
1700	2671	1
1701	3552	1
1703	2088	1
1704	2692	1
1705	2089	1
1710	2716	1
1716	2735	1
1723	3782	1
1726	2769	1
1740	1778	1
1741	1786	1
1761	2897	1
1764	2940	1
1766	3691	1
1769	2908	1
1775	3744	1
1781	2245	1
1792	3774	1
1804	3030	1
1826	3267	1
1831	3140	1
1838	3209	1
1841	3774	1
1846	3704	1
1857	3242	1
1864	3265	1
1864	3520	1
1866	2360	1
1868	1869	1
1868	3195	1
1868	3272	1
1869	3315	1
1870	3271	1
1873	3214	1
1878	1880	1
1879	3397	1
1883	3686	1
1889	2387	1
1895	3390	1
1895	3401	1
1905	2336	1
1918	2751	1
1929	1976	1
1930	1935	1
1931	1987	1
1949	3592	1
1950	3592	1
1954	3133	1
1955	1956	1
1976	2578	1
1977	1978	1
1982	1993	1
1984	1985	1
1987	2194	1
1988	3552	1
1989	2613	1
1989	2697	1
2004	3552	1
2014	3551	1
2043	3743	1
2049	3743	1
2065	2660	1
2078	3477	1
2084	2675	1
2090	3363	1
2117	2737	1
2121	3729	1
2132	3744	1
2145	3782	1
2151	2577	1
2172	3782	1
2174	3756	1
2182	3576	1
2189	2885	1
2202	2273	1
2205	3744	1
2212	3568	1
2216	3621	1
2218	3779	1
2221	3595	1
2222	3767	1
2234	2350	1
2238	3732	1
2254	3035	1
2259	3769	1
2269	2274	1
2286	3287	1
2293	2336	1
2312	2336	1
2319	3774	1
2322	3774	1
2327	3774	1
2336	2422	1
2336	2428	1
2336	3449	1
2336	3494	1
2336	3565	1
2336	3658	1
2356	2358	1
2361	2412	1
2382	3559	1
2390	3299	1
2397	3327	1
2398	3183	1
2408	3577	1
2410	2427	1
2411	3494	1
2415	3409	1
2493	3551	1
2536	3552	1
2607	3743	1
2652	3554	1
2748	3782	1
2788	2790	1
2789	3782	1
2794	3088	1
2811	3462	1
2828	3782	1
2900	3590	1
2971	2975	1
3019	3744	1
3074	3774	1
3079	3774	1
3095	3730	1
3120	3594	1
3129	3623	1
3133	3693	1
3136	3774	1
3138	3774	1
3186	3217	1
3197	3569	1
3227	3623	1
3228	3482	1
3296	3299	1
3314	3591	1
3394	3770	1
3454	3740	1
3461	3634	1
3466	3608	1
3470	3715	1
3470	3744	1
3507	3619	1
3513	3778	1
3513	3780	1
3513	3783	1
3514	3565	1
3557	3692	1
3566	3729	1
3574	3699	1
3574	3750	1
3575	3699	1
3588	3750	1
3593	3699	1
3596	3663	1
3596	3685	1
3596	3692	1
3597	3774	1
3601	3770	1
3609	3709	1
3609	3730	1
3630	3631	1
3661	3679	1
3662	3684	1
3662	3692	1
3663	3685	1
3677	3743	1
3684	3714	1
3685	3692	1
3689	3770	1
3692	3714	1
3696	3715	1
3698	3743	1
3699	3750	1
3700	3710	1
3709	3763	1
3715	3744	1
3717	3735	1
3719	3735	1
3730	3773	1
3750	3755	1
3760	3763	1
3777	3778	1
3777	3779	1
3777	3780	1
3777	3781	1
3777	3783	1
3778	3779	1
3778	3780	1
3778	3781	1
3778	3783	1
3779	3780	1
3779	3783	1
3780	3783	1
3781	3783	1
